 400 4000 
 1 1 1 1 1 1 1 1 1 1 1 1 1 1 1 
 1 1 1 1 1 1 1 1 1 1 1 1 1 1 1 
 1 1 1 1 1 1 1 1 2 2 2 2 2 2 2 
 2 2 2 2 2 2 2 2 2 2 2 2 2 2 2 
 2 2 2 2 2 2 2 2 2 2 2 2 2 2 2 
 2 2 2 2 3 3 3 3 3 3 3 3 3 3 3 
 3 3 3 3 3 3 3 3 3 3 3 3 3 3 3 
 3 3 3 3 3 3 3 3 3 3 4 4 4 4 4 
 4 4 4 4 4 4 4 4 4 4 4 4 4 4 4 
 4 4 4 4 4 4 4 4 4 4 4 4 4 4 4 
 4 4 4 4 4 4 4 4 5 5 5 5 5 5 5 
 5 5 5 5 5 5 5 5 5 5 5 5 5 5 5 
 5 5 5 5 5 5 5 5 5 5 5 5 5 5 5 
 5 5 5 5 5 6 6 6 6 6 6 6 6 6 6 
 6 6 6 6 6 6 6 6 6 6 6 6 6 6 6 
 6 6 6 6 6 6 6 6 6 6 6 6 6 6 6 
 6 6 7 7 7 7 7 7 7 7 7 7 7 7 7 
 7 7 7 7 7 7 7 7 7 7 7 7 7 7 7 
 7 7 7 7 7 7 7 7 7 7 7 7 7 7 7 
 7 7 7 7 8 8 8 8 8 8 8 8 8 8 8 
 8 8 8 8 8 8 8 8 8 8 8 8 8 8 8 
 8 8 8 8 8 8 8 8 8 9 9 9 9 9 9 
 9 9 9 9 9 9 9 9 9 9 9 9 9 9 9 
 9 9 9 9 9 9 9 9 9 9 9 9 9 9 9 
 9 9 9 9 9 9 9 9 9 9 9 9 9 10 10 
 10 10 10 10 10 10 10 10 10 10 10 10 10 10 10 
 10 10 10 10 10 10 10 10 10 10 10 10 10 10 10 
 10 10 11 11 11 11 11 11 11 11 11 11 11 11 11 
 11 11 11 11 11 11 11 11 11 11 11 11 11 11 11 
 11 11 11 11 11 11 11 11 11 11 11 12 12 12 12 
 12 12 12 12 12 12 12 12 12 12 12 12 12 12 12 
 12 12 12 12 12 12 12 12 12 12 12 12 12 12 12 
 12 12 12 12 12 12 12 12 12 12 13 13 13 13 13 
 13 13 13 13 13 13 13 13 13 13 13 13 13 13 13 
 13 13 13 13 13 13 13 13 13 13 13 13 13 13 13 
 13 13 13 13 13 13 13 13 14 14 14 14 14 14 14 
 14 14 14 14 14 14 14 14 14 14 14 14 14 14 14 
 14 14 14 14 14 14 14 14 14 14 14 14 14 14 14 
 14 14 14 15 15 15 15 15 15 15 15 15 15 15 15 
 15 15 15 15 15 15 15 15 15 15 15 15 15 15 15 
 15 15 15 15 15 15 15 15 15 15 15 15 15 15 15 
 15 15 15 16 16 16 16 16 16 16 16 16 16 16 16 
 16 16 16 16 16 16 16 16 16 16 16 16 16 16 16 
 16 16 16 16 16 16 16 16 16 16 16 16 16 17 17 
 17 17 17 17 17 17 17 17 17 17 17 17 17 17 17 
 17 17 17 17 17 17 17 17 17 17 17 17 17 17 17 
 17 17 17 17 17 17 17 17 17 18 18 18 18 18 18 
 18 18 18 18 18 18 18 18 18 18 18 18 18 18 18 
 18 18 18 18 18 18 18 18 18 19 19 19 19 19 19 
 19 19 19 19 19 19 19 19 19 19 19 19 19 19 19 
 19 19 19 19 19 19 19 19 19 19 19 19 19 19 19 
 19 19 19 19 19 19 19 20 20 20 20 20 20 20 20 
 20 20 20 20 20 20 20 20 20 20 20 20 20 20 20 
 20 20 20 20 20 20 20 20 20 20 20 20 20 20 21 
 21 21 21 21 21 21 21 21 21 21 21 21 21 21 21 
 21 21 21 21 21 21 21 21 21 21 21 21 21 21 21 
 21 21 21 21 21 21 21 21 21 21 21 21 21 22 22 
 22 22 22 22 22 22 22 22 22 22 22 22 22 22 22 
 22 22 22 22 22 22 22 22 22 22 22 22 22 22 22 
 22 22 22 22 22 22 22 22 22 22 22 22 22 23 23 
 23 23 23 23 23 23 23 23 23 23 23 23 23 23 23 
 23 23 23 23 23 23 23 23 23 23 23 23 23 23 23 
 23 23 23 23 23 23 23 23 23 23 23 23 23 23 23 
 24 24 24 24 24 24 24 24 24 24 24 24 24 24 24 
 24 24 24 24 24 24 24 24 24 24 24 24 24 24 24 
 24 24 24 24 24 24 24 24 24 24 24 24 24 24 24 
 24 24 24 24 24 25 25 25 25 25 25 25 25 25 25 
 25 25 25 25 25 25 25 25 25 25 25 25 25 25 25 
 25 25 25 25 25 25 25 25 25 25 25 25 25 25 25 
 25 25 25 25 25 25 25 25 26 26 26 26 26 26 26 
 26 26 26 26 26 26 26 26 26 26 26 26 26 26 26 
 26 26 26 26 26 26 26 26 26 26 26 26 26 26 26 
 27 27 27 27 27 27 27 27 27 27 27 27 27 27 27 
 27 27 27 27 27 27 27 27 27 27 27 27 27 27 27 
 27 27 27 27 27 27 27 27 27 27 28 28 28 28 28 
 28 28 28 28 28 28 28 28 28 28 28 28 28 28 28 
 28 28 28 28 28 28 28 28 28 28 28 28 28 28 28 
 28 28 28 28 28 28 28 28 29 29 29 29 29 29 29 
 29 29 29 29 29 29 29 29 29 29 29 29 29 29 29 
 29 29 29 29 29 29 29 29 29 29 29 29 29 29 29 
 29 29 29 29 29 29 29 29 29 30 30 30 30 30 30 
 30 30 30 30 30 30 30 30 30 30 30 30 30 30 30 
 30 30 30 30 30 30 30 30 30 30 30 30 30 30 30 
 30 30 31 31 31 31 31 31 31 31 31 31 31 31 31 
 31 31 31 31 31 31 31 31 31 31 31 31 31 31 31 
 31 31 31 31 31 31 31 31 31 31 32 32 32 32 32 
 32 32 32 32 32 32 32 32 32 32 32 32 32 32 32 
 32 32 32 32 32 32 32 32 32 32 32 32 32 32 32 
 32 32 32 33 33 33 33 33 33 33 33 33 33 33 33 
 33 33 33 33 33 33 33 33 33 33 33 33 33 33 33 
 33 33 33 33 33 33 33 33 33 33 33 33 33 33 33 
 33 33 33 33 33 34 34 34 34 34 34 34 34 34 34 
 34 34 34 34 34 34 34 34 34 34 34 34 34 34 34 
 34 34 34 34 34 34 34 34 34 34 34 34 34 34 34 
 34 35 35 35 35 35 35 35 35 35 35 35 35 35 35 
 35 35 35 35 35 35 35 35 35 35 35 35 35 35 35 
 35 35 35 35 35 35 35 35 36 36 36 36 36 36 36 
 36 36 36 36 36 36 36 36 36 36 36 36 36 36 36 
 36 36 36 37 37 37 37 37 37 37 37 37 37 37 37 
 37 37 37 37 37 37 37 37 37 37 37 37 37 37 37 
 37 37 37 37 37 37 37 37 37 37 37 37 37 37 38 
 38 38 38 38 38 38 38 38 38 38 38 38 38 38 38 
 38 38 38 38 38 38 38 38 38 38 38 38 38 38 38 
 38 38 38 38 38 38 38 38 38 38 39 39 39 39 39 
 39 39 39 39 39 39 39 39 39 39 39 39 39 39 39 
 39 39 39 39 39 39 39 39 39 39 39 39 39 39 39 
 39 39 39 39 39 39 39 39 39 39 40 40 40 40 40 
 40 40 40 40 40 40 40 40 40 40 40 40 40 40 40 
 40 40 40 40 40 40 40 40 40 40 40 40 40 40 40 
 40 40 40 40 40 40 40 40 40 40 41 41 41 41 41 
 41 41 41 41 41 41 41 41 41 41 41 41 41 41 41 
 41 41 41 41 41 41 41 42 42 42 42 42 42 42 42 
 42 42 42 42 42 42 42 42 42 42 42 42 42 42 42 
 42 42 42 42 42 42 42 42 42 42 42 42 42 42 42 
 42 42 42 42 42 42 42 43 43 43 43 43 43 43 43 
 43 43 43 43 43 43 43 43 43 43 43 43 43 43 43 
 43 43 43 43 43 43 43 43 43 43 43 43 43 43 43 
 43 43 43 43 43 43 43 43 43 43 43 44 44 44 44 
 44 44 44 44 44 44 44 44 44 44 44 44 44 44 44 
 44 44 44 44 44 44 44 44 44 44 44 44 44 44 44 
 44 44 44 44 44 44 44 44 45 45 45 45 45 45 45 
 45 45 45 45 45 45 45 45 45 45 45 45 45 45 45 
 45 45 45 45 45 45 45 45 45 45 45 45 45 45 45 
 45 45 45 45 45 46 46 46 46 46 46 46 46 46 46 
 46 46 46 46 46 46 46 46 46 46 46 46 46 46 46 
 46 46 46 46 46 46 46 46 46 46 46 47 47 47 47 
 47 47 47 47 47 47 47 47 47 47 47 47 47 47 47 
 47 47 47 47 47 47 47 47 47 47 47 47 47 47 47 
 47 47 47 47 47 47 47 48 48 48 48 48 48 48 48 
 48 48 48 48 48 48 48 48 48 48 48 48 48 48 48 
 48 48 48 48 48 48 48 48 48 48 48 48 48 49 49 
 49 49 49 49 49 49 49 49 49 49 49 49 49 49 49 
 49 49 49 49 49 49 49 49 49 49 49 49 49 49 49 
 49 49 49 49 49 50 50 50 50 50 50 50 50 50 50 
 50 50 50 50 50 50 50 50 50 50 50 50 50 50 50 
 50 50 50 50 50 50 50 50 50 50 50 50 50 50 50 
 50 50 50 50 50 50 50 50 50 51 51 51 51 51 51 
 51 51 51 51 51 51 51 51 51 51 51 51 51 51 51 
 51 51 51 51 51 51 51 51 51 51 51 51 51 51 51 
 51 52 52 52 52 52 52 52 52 52 52 52 52 52 52 
 52 52 52 52 52 52 52 52 52 52 52 52 52 52 52 
 52 52 52 52 52 52 52 52 52 52 53 53 53 53 53 
 53 53 53 53 53 53 53 53 53 53 53 53 53 53 53 
 53 53 53 53 53 53 53 53 53 53 53 53 53 53 53 
 53 53 53 54 54 54 54 54 54 54 54 54 54 54 54 
 54 54 54 54 54 54 54 54 54 54 54 54 54 54 54 
 54 54 54 54 54 54 54 54 54 54 54 54 54 55 55 
 55 55 55 55 55 55 55 55 55 55 55 55 55 55 55 
 55 55 55 55 55 55 55 55 55 55 55 55 55 55 55 
 55 55 56 56 56 56 56 56 56 56 56 56 56 56 56 
 56 56 56 56 56 56 56 56 56 56 56 56 56 56 56 
 56 56 56 56 56 56 56 56 56 56 57 57 57 57 57 
 57 57 57 57 57 57 57 57 57 57 57 57 57 57 57 
 57 57 57 57 57 57 57 57 57 57 57 57 57 57 57 
 57 57 57 57 57 57 57 57 57 57 57 58 58 58 58 
 58 58 58 58 58 58 58 58 58 58 58 58 58 58 58 
 58 58 58 58 58 58 58 58 58 58 58 58 58 58 58 
 58 58 58 59 59 59 59 59 59 59 59 59 59 59 59 
 59 59 59 59 59 59 59 59 59 59 59 59 59 59 59 
 59 59 59 59 59 59 59 59 59 59 59 59 59 60 60 
 60 60 60 60 60 60 60 60 60 60 60 60 60 60 60 
 60 60 60 60 60 60 60 60 60 60 60 60 60 60 60 
 60 60 60 60 60 60 60 60 60 60 61 61 61 61 61 
 61 61 61 61 61 61 61 61 61 61 61 61 61 61 61 
 61 61 61 61 61 61 61 61 61 61 61 61 61 61 61 
 61 61 61 61 61 61 61 62 62 62 62 62 62 62 62 
 62 62 62 62 62 62 62 62 62 62 62 62 62 62 62 
 62 62 62 62 62 62 62 62 62 62 63 63 63 63 63 
 63 63 63 63 63 63 63 63 63 63 63 63 63 63 63 
 63 63 63 63 63 63 63 63 63 63 63 63 63 63 63 
 63 63 63 63 63 63 63 63 63 63 63 63 63 63 63 
 63 64 64 64 64 64 64 64 64 64 64 64 64 64 64 
 64 64 64 64 64 64 64 64 64 64 64 64 64 64 64 
 64 64 64 64 64 64 64 64 65 65 65 65 65 65 65 
 65 65 65 65 65 65 65 65 65 65 65 65 65 65 65 
 65 65 65 65 65 65 65 65 65 65 65 65 65 65 65 
 65 65 65 66 66 66 66 66 66 66 66 66 66 66 66 
 66 66 66 66 66 66 66 66 66 66 66 66 66 66 66 
 66 66 66 66 66 66 66 67 67 67 67 67 67 67 67 
 67 67 67 67 67 67 67 67 67 67 67 67 67 67 67 
 67 67 67 67 67 67 67 67 67 67 67 67 67 67 67 
 67 67 68 68 68 68 68 68 68 68 68 68 68 68 68 
 68 68 68 68 68 68 68 68 68 68 68 68 68 68 68 
 68 68 68 68 68 68 68 68 68 69 69 69 69 69 69 
 69 69 69 69 69 69 69 69 69 69 69 69 69 69 69 
 69 69 69 69 69 69 69 70 70 70 70 70 70 70 70 
 70 70 70 70 70 70 70 70 70 70 70 70 70 70 70 
 70 70 70 70 70 70 70 70 70 70 70 70 70 70 70 
 70 70 70 70 70 70 70 70 70 70 70 71 71 71 71 
 71 71 71 71 71 71 71 71 71 71 71 71 71 71 71 
 71 71 71 71 71 71 71 71 71 71 71 71 71 71 72 
 72 72 72 72 72 72 72 72 72 72 72 72 72 72 72 
 72 72 72 72 72 72 72 72 72 72 72 72 72 72 72 
 72 72 72 72 72 72 73 73 73 73 73 73 73 73 73 
 73 73 73 73 73 73 73 73 73 73 73 73 73 73 73 
 73 73 73 73 73 73 73 73 73 73 73 73 73 73 74 
 74 74 74 74 74 74 74 74 74 74 74 74 74 74 74 
 74 74 74 74 74 74 74 74 74 74 74 74 74 74 74 
 74 74 74 74 74 74 74 75 75 75 75 75 75 75 75 
 75 75 75 75 75 75 75 75 75 75 75 75 75 75 75 
 75 75 75 75 75 75 75 75 75 75 75 75 75 75 75 
 75 75 75 75 75 75 75 76 76 76 76 76 76 76 76 
 76 76 76 76 76 76 76 76 76 76 76 76 76 76 76 
 76 76 76 76 76 76 76 76 76 76 76 76 76 76 76 
 76 76 76 77 77 77 77 77 77 77 77 77 77 77 77 
 77 77 77 77 77 77 77 77 77 77 77 77 77 77 77 
 77 77 77 77 77 77 77 77 77 77 77 77 77 77 77 
 77 77 77 78 78 78 78 78 78 78 78 78 78 78 78 
 78 78 78 78 78 78 78 78 78 78 78 78 78 78 78 
 78 78 78 78 78 78 78 78 78 78 79 79 79 79 79 
 79 79 79 79 79 79 79 79 79 79 79 79 79 79 79 
 79 79 79 79 79 79 79 79 79 79 79 80 80 80 80 
 80 80 80 80 80 80 80 80 80 80 80 80 80 80 80 
 80 80 80 80 80 80 80 80 80 80 80 80 80 80 80 
 80 80 80 80 80 81 81 81 81 81 81 81 81 81 81 
 81 81 81 81 81 81 81 81 81 81 81 81 81 81 81 
 81 81 82 82 82 82 82 82 82 82 82 82 82 82 82 
 82 82 82 82 82 82 82 82 82 82 82 82 82 82 82 
 82 82 82 82 82 82 82 82 82 82 83 83 83 83 83 
 83 83 83 83 83 83 83 83 83 83 83 83 83 83 83 
 83 83 83 83 83 83 83 83 83 83 83 83 83 83 83 
 83 84 84 84 84 84 84 84 84 84 84 84 84 84 84 
 84 84 84 84 84 84 84 84 84 84 84 84 84 84 84 
 84 84 84 84 84 84 85 85 85 85 85 85 85 85 85 
 85 85 85 85 85 85 85 85 85 85 85 85 85 85 85 
 85 85 85 85 85 85 85 85 85 85 85 86 86 86 86 
 86 86 86 86 86 86 86 86 86 86 86 86 86 86 86 
 86 86 86 86 86 86 86 86 86 86 86 86 86 86 86 
 86 86 86 86 86 86 87 87 87 87 87 87 87 87 87 
 87 87 87 87 87 87 87 87 87 87 87 87 87 87 87 
 87 87 87 87 87 87 87 87 87 87 87 87 87 87 87 
 87 87 87 88 88 88 88 88 88 88 88 88 88 88 88 
 88 88 88 88 88 88 88 88 88 88 88 88 88 88 88 
 88 88 88 88 88 88 88 88 88 88 88 88 89 89 89 
 89 89 89 89 89 89 89 89 89 89 89 89 89 89 89 
 89 89 89 89 89 89 89 89 89 89 89 89 89 89 89 
 89 89 89 89 89 89 89 90 90 90 90 90 90 90 90 
 90 90 90 90 90 90 90 90 90 90 90 90 90 90 90 
 90 90 90 90 90 90 90 90 90 90 90 90 90 90 90 
 90 90 90 91 91 91 91 91 91 91 91 91 91 91 91 
 91 91 91 91 91 91 91 91 91 91 91 91 91 91 91 
 91 91 91 91 91 91 91 91 91 91 91 91 91 91 91 
 91 91 91 91 92 92 92 92 92 92 92 92 92 92 92 
 92 92 92 92 92 92 92 92 92 92 92 92 92 92 92 
 92 92 92 92 92 92 92 92 92 92 92 92 92 92 92 
 92 92 93 93 93 93 93 93 93 93 93 93 93 93 93 
 93 93 93 93 93 93 93 93 93 93 93 93 93 93 93 
 93 94 94 94 94 94 94 94 94 94 94 94 94 94 94 
 94 94 94 94 94 94 94 94 94 94 94 94 94 94 94 
 94 94 94 94 94 94 94 94 94 94 94 94 94 94 94 
 94 94 95 95 95 95 95 95 95 95 95 95 95 95 95 
 95 95 95 95 95 95 95 95 95 95 95 95 95 95 95 
 95 95 95 95 95 95 95 95 96 96 96 96 96 96 96 
 96 96 96 96 96 96 96 96 96 96 96 96 96 96 96 
 96 96 96 96 96 96 96 96 96 96 96 96 96 97 97 
 97 97 97 97 97 97 97 97 97 97 97 97 97 97 97 
 97 97 97 97 97 97 97 97 97 97 97 97 97 97 97 
 97 97 97 97 97 97 97 97 97 97 97 97 97 97 97 
 97 97 97 97 97 98 98 98 98 98 98 98 98 98 98 
 98 98 98 98 98 98 98 98 98 98 98 98 98 98 98 
 98 98 98 98 98 98 98 98 98 98 98 98 98 98 98 
 98 98 98 98 98 98 98 98 99 99 99 99 99 99 99 
 99 99 99 99 99 99 99 99 99 99 99 99 99 99 99 
 99 99 99 99 99 99 99 99 99 99 99 99 99 99 99 
 100 100 100 100 100 100 100 100 100 100 100 100 100 100 100 
 100 100 100 100 100 100 100 100 100 100 100 100 100 100 100 
 100 100 100 100 100 100 100 100 100 100 
 202 
 15 38 66 67 114 121 131 132 138 144 250 272 443 453 538 
 590 619 647 659 682 689 711 716 726 729 756 829 831 834 842 
 845 915 918 930 937 951 961 998 1044 1048 1068 1089 1123 1135 1140 
 1142 1148 1149 1160 1176 1211 1215 1230 1233 1276 1290 1296 1319 1338 1342 
 1348 1351 1361 1364 1370 1384 1390 1431 1463 1493 1531 1543 1574 1589 1604 
 1645 1683 1686 1689 1708 1718 1723 1751 1816 1846 1885 1888 1905 1920 1926 
 1932 1941 1980 1986 2027 2050 2087 2088 2089 2091 2111 2128 2136 2147 2181 
 2194 2197 2256 2277 2286 2292 2312 2322 2324 2331 2333 2359 2365 2396 2451 
 2455 2463 2467 2471 2491 2497 2572 2578 2580 2588 2590 2605 2618 2623 2636 
 2652 2687 2692 2704 2711 2732 2735 2745 2750 2771 2780 2799 2880 2887 2888 
 2903 2904 2944 2960 2988 2991 3031 3038 3040 3074 3075 3098 3112 3169 3243 
 3245 3279 3293 3297 3298 3317 3322 3345 3392 3410 3433 3454 3455 3515 3518 
 3539 3558 3573 3629 3663 3669 3702 3722 3730 3763 3769 3793 3800 3818 3836 
 3870 3879 3897 3924 3937 3980 3989 
 202 
 8 13 41 51 60 63 87 92 117 121 182 201 202 208 216 
 224 226 234 258 267 284 286 295 299 312 340 350 355 359 376 
 398 421 434 459 535 563 570 571 594 596 626 668 669 680 706 
 757 759 841 860 873 889 899 915 953 956 975 1050 1059 1067 1068 
 1088 1112 1138 1139 1145 1152 1164 1221 1229 1238 1272 1290 1292 1308 1335 
 1341 1414 1449 1457 1484 1508 1555 1599 1607 1614 1616 1617 1641 1643 1672 
 1681 1713 1715 1736 1737 1743 1744 1771 1817 1850 1851 1858 1878 1939 1942 
 2009 2012 2018 2021 2036 2094 2101 2123 2152 2177 2221 2223 2280 2359 2374 
 2400 2402 2447 2460 2477 2516 2526 2529 2542 2559 2580 2586 2592 2615 2633 
 2678 2683 2688 2691 2807 2824 2846 2895 2910 2932 2953 2954 2955 2999 3022 
 3024 3109 3110 3122 3154 3176 3183 3192 3197 3203 3234 3247 3280 3285 3321 
 3371 3402 3404 3408 3507 3514 3530 3534 3539 3548 3552 3569 3589 3591 3592 
 3596 3639 3642 3681 3720 3731 3756 3768 3771 3825 3848 3863 3870 3876 3880 
 3892 3898 3907 3952 3962 3978 3992 
 195 
 5 16 21 44 57 72 96 122 201 203 213 222 232 261 277 
 294 330 341 379 398 399 424 437 487 493 499 550 584 590 594 
 596 598 624 630 637 655 680 707 724 730 737 739 742 754 762 
 782 785 805 827 832 845 924 947 961 978 1054 1058 1082 1099 1114 
 1138 1172 1229 1305 1338 1343 1344 1349 1458 1488 1489 1491 1494 1505 1508 
 1520 1557 1564 1601 1605 1607 1609 1616 1622 1625 1639 1648 1666 1669 1682 
 1690 1713 1720 1746 1749 1757 1772 1786 1815 1821 1824 1852 1907 1987 1992 
 1999 2000 2002 2030 2037 2040 2158 2190 2195 2212 2218 2231 2247 2250 2264 
 2269 2285 2301 2307 2313 2319 2323 2325 2332 2393 2556 2570 2583 2594 2595 
 2607 2617 2628 2684 2695 2699 2721 2745 2755 2762 2780 2813 2815 2865 2877 
 2903 2934 2940 2969 3006 3068 3070 3107 3112 3146 3158 3194 3195 3203 3247 
 3273 3284 3290 3293 3295 3297 3303 3353 3356 3364 3367 3385 3387 3471 3534 
 3573 3576 3593 3679 3688 3710 3730 3773 3805 3868 3926 3947 3963 3995 3997 
 210 
 7 9 30 41 42 59 70 103 131 169 180 189 190 204 228 
 231 233 277 278 293 297 301 312 329 341 345 379 382 442 458 
 468 491 493 498 499 531 547 561 588 592 646 659 681 686 688 
 713 730 745 748 770 786 813 868 900 923 925 950 954 969 987 
 995 1005 1012 1016 1026 1051 1064 1120 1126 1150 1156 1171 1196 1203 1226 
 1230 1243 1256 1266 1286 1315 1320 1334 1348 1383 1422 1423 1461 1497 1533 
 1619 1639 1702 1725 1752 1765 1788 1797 1799 1841 1864 1875 1877 1895 1900 
 1931 1945 1977 1987 2007 2016 2017 2019 2037 2047 2073 2078 2110 2128 2133 
 2161 2171 2172 2215 2225 2237 2241 2261 2274 2365 2395 2402 2453 2459 2499 
 2619 2621 2650 2686 2687 2696 2718 2776 2800 2812 2889 2901 2915 2941 2945 
 2975 2984 3059 3102 3108 3127 3130 3147 3157 3167 3184 3190 3235 3248 3285 
 3310 3318 3322 3341 3350 3351 3363 3377 3383 3391 3393 3408 3454 3464 3477 
 3478 3485 3512 3527 3561 3578 3601 3602 3604 3613 3679 3683 3712 3717 3724 
 3745 3751 3777 3794 3822 3862 3878 3894 3899 3902 3905 3917 3924 3975 3977 
 189 
 35 74 97 132 148 189 194 204 205 214 244 275 282 343 354 
 362 374 417 427 433 473 494 498 516 539 557 600 608 620 636 
 675 676 705 710 766 768 826 841 842 856 903 920 925 955 956 
 959 972 974 983 990 1002 1017 1018 1028 1032 1035 1052 1062 1106 1132 
 1176 1182 1203 1217 1241 1247 1251 1277 1311 1358 1387 1417 1445 1501 1514 
 1543 1571 1578 1603 1612 1638 1727 1743 1782 1793 1801 1822 1832 1884 1894 
 1895 1941 1963 1966 2007 2052 2056 2068 2073 2092 2094 2102 2104 2160 2208 
 2257 2261 2289 2308 2343 2363 2373 2412 2420 2438 2457 2492 2494 2517 2545 
 2606 2627 2650 2652 2675 2679 2689 2710 2725 2744 2761 2773 2790 2808 2851 
 2878 2911 2914 2936 2945 2956 2995 2999 3111 3156 3165 3197 3230 3232 3238 
 3280 3290 3300 3317 3319 3363 3384 3407 3419 3420 3421 3430 3431 3470 3494 
 3504 3510 3513 3545 3568 3601 3615 3630 3687 3695 3715 3741 3742 3786 3797 
 3809 3827 3871 3882 3895 3914 3957 3959 3965 
 213 
 9 36 80 92 126 199 251 265 292 335 342 357 377 413 460 
 469 501 507 581 585 588 599 604 614 679 688 696 697 709 718 
 739 770 779 816 837 855 860 873 888 951 972 981 986 989 1009 
 1024 1035 1038 1043 1144 1174 1181 1194 1217 1347 1358 1359 1373 1381 1386 
 1391 1403 1422 1434 1486 1490 1495 1505 1522 1523 1526 1532 1609 1610 1614 
 1673 1682 1693 1698 1701 1735 1738 1741 1742 1743 1757 1763 1766 1769 1791 
 1793 1809 1816 1825 1868 1891 1923 1944 1950 1953 1956 1968 1969 1977 1987 
 1997 2026 2033 2067 2079 2080 2088 2099 2148 2174 2181 2188 2240 2241 2251 
 2276 2324 2348 2380 2447 2454 2460 2474 2479 2481 2484 2506 2527 2550 2572 
 2577 2591 2651 2654 2726 2728 2734 2753 2784 2791 2803 2823 2849 2850 2853 
 2859 2884 2889 2904 2905 2906 2924 2935 2941 2943 2951 2970 3008 3027 3034 
 3035 3047 3119 3129 3146 3159 3170 3172 3175 3204 3217 3219 3222 3223 3269 
 3270 3285 3297 3298 3316 3332 3357 3361 3404 3428 3442 3474 3515 3516 3574 
 3575 3591 3622 3629 3643 3651 3696 3729 3751 3763 3799 3828 3858 3882 3903 
 3934 3961 3980 
 206 
 2 13 30 40 57 60 71 74 131 146 166 217 226 241 250 
 260 265 278 304 337 378 395 430 431 456 461 462 465 519 526 
 537 538 557 564 574 595 615 636 664 671 681 708 716 729 748 
 759 768 814 829 854 899 957 1023 1029 1032 1047 1051 1054 1118 1134 
 1192 1242 1268 1270 1296 1306 1335 1352 1354 1376 1394 1407 1433 1443 1453 
 1476 1484 1486 1492 1526 1528 1535 1551 1554 1564 1566 1595 1614 1621 1642 
 1658 1668 1678 1732 1773 1777 1793 1803 1805 1806 1840 1871 1878 1905 1916 
 1924 1968 1982 1985 2027 2055 2058 2068 2075 2089 2094 2106 2115 2126 2135 
 2185 2200 2217 2220 2269 2276 2320 2356 2374 2403 2410 2421 2424 2432 2469 
 2502 2537 2538 2540 2559 2593 2604 2625 2638 2680 2685 2691 2695 2705 2719 
 2723 2732 2739 2748 2781 2791 2800 2805 2868 2895 2908 2914 2936 2960 3027 
 3061 3066 3077 3082 3091 3119 3197 3200 3253 3265 3339 3347 3349 3360 3368 
 3369 3383 3389 3439 3478 3504 3576 3624 3635 3648 3663 3694 3713 3731 3734 
 3805 3812 3827 3842 3847 3887 3890 3904 3927 3933 3954 
 193 
 17 36 88 89 96 117 129 157 170 179 210 220 247 255 259 
 286 307 325 347 375 433 439 450 495 576 578 579 584 650 657 
 658 665 688 722 735 755 779 800 842 881 889 894 907 911 924 
 932 943 948 959 976 977 989 1004 1005 1025 1032 1063 1091 1144 1205 
 1232 1252 1264 1346 1352 1370 1391 1394 1414 1417 1421 1434 1443 1476 1487 
 1498 1527 1539 1555 1564 1576 1593 1604 1609 1650 1678 1686 1702 1720 1721 
 1743 1744 1780 1811 1843 1845 1867 1878 1899 1943 1962 1994 2015 2047 2057 
 2059 2062 2108 2144 2151 2158 2160 2172 2180 2183 2218 2245 2247 2273 2295 
 2300 2311 2335 2339 2341 2343 2373 2387 2401 2412 2427 2464 2466 2467 2537 
 2583 2624 2638 2730 2731 2767 2776 2797 2834 2844 2887 2901 2903 2914 2925 
 2970 2974 3028 3032 3042 3074 3169 3184 3220 3254 3271 3301 3369 3377 3390 
 3407 3439 3467 3488 3494 3500 3541 3547 3559 3567 3601 3628 3638 3669 3676 
 3680 3731 3740 3745 3803 3807 3810 3830 3868 3872 3875 3936 3995 
 221 
 8 35 84 94 99 120 124 127 154 170 189 207 232 280 281 
 294 317 353 356 387 419 421 422 433 441 462 467 478 482 483 
 538 539 544 584 589 591 637 670 678 744 754 783 784 795 819 
 821 823 846 906 908 915 920 927 929 998 1021 1049 1060 1081 1082 
 1142 1156 1181 1198 1200 1204 1223 1241 1275 1295 1336 1389 1413 1447 1455 
 1488 1504 1517 1522 1527 1577 1601 1611 1632 1635 1714 1729 1745 1799 1806 
 1807 1856 1899 1910 1914 1928 1933 1952 1969 1979 2011 2026 2029 2041 2060 
 2061 2070 2117 2138 2141 2156 2167 2177 2188 2195 2216 2240 2282 2326 2343 
 2371 2372 2380 2381 2385 2445 2446 2451 2486 2546 2613 2614 2648 2655 2690 
 2701 2724 2755 2763 2771 2804 2816 2838 2864 2871 2876 2884 2894 2940 2986 
 2987 2999 3015 3028 3032 3034 3054 3058 3074 3112 3126 3131 3132 3147 3181 
 3217 3219 3225 3227 3240 3241 3246 3264 3284 3287 3329 3336 3351 3355 3356 
 3403 3427 3443 3474 3480 3515 3516 3520 3527 3568 3583 3594 3605 3607 3640 
 3642 3667 3673 3678 3681 3682 3703 3711 3715 3725 3772 3798 3803 3808 3832 
 3857 3887 3889 3895 3913 3919 3940 3947 3955 3972 3974 
 203 
 20 41 96 132 156 172 177 215 218 223 243 244 247 272 280 
 291 295 299 302 327 331 333 334 344 363 408 422 427 428 436 
 472 517 539 543 561 595 609 643 662 667 686 698 700 703 709 
 718 730 745 773 797 824 832 838 842 904 907 918 956 1016 1055 
 1064 1106 1108 1126 1145 1161 1177 1193 1219 1285 1289 1308 1326 1339 1341 
 1343 1349 1353 1370 1388 1400 1413 1444 1457 1464 1466 1470 1486 1529 1530 
 1535 1546 1592 1604 1612 1659 1714 1731 1742 1787 1799 1819 1832 1865 1888 
 1903 1917 1988 2045 2098 2182 2190 2196 2245 2261 2290 2309 2322 2328 2346 
 2357 2362 2391 2402 2443 2444 2445 2450 2525 2528 2567 2576 2632 2648 2683 
 2709 2726 2728 2742 2764 2772 2789 2856 2892 2913 2915 2918 2970 3020 3036 
 3056 3066 3073 3093 3116 3123 3131 3141 3159 3177 3189 3212 3219 3235 3285 
 3292 3341 3343 3383 3398 3422 3438 3450 3471 3476 3488 3495 3505 3559 3561 
 3636 3646 3647 3658 3666 3707 3723 3740 3755 3761 3763 3769 3776 3785 3803 
 3809 3815 3828 3852 3865 3893 3970 3987 
 181 
 20 27 39 49 65 70 111 119 122 138 142 197 201 202 212 
 221 239 262 313 334 376 421 436 455 498 539 572 626 632 642 
 648 666 670 678 683 702 704 720 752 768 770 776 816 819 883 
 886 907 910 948 956 962 993 996 1020 1071 1081 1087 1097 1109 1132 
 1146 1150 1236 1274 1276 1312 1320 1328 1336 1408 1428 1436 1454 1482 1484 
 1487 1505 1514 1545 1575 1579 1586 1599 1606 1621 1625 1626 1671 1751 1791 
 1792 1831 1853 1889 1902 1904 1926 1936 1942 2051 2063 2064 2069 2129 2159 
 2165 2169 2206 2249 2281 2287 2325 2388 2408 2409 2412 2421 2443 2561 2610 
 2620 2630 2665 2677 2774 2792 2796 2826 2833 2836 2837 2900 2915 2938 2941 
 2944 2948 2991 2996 3033 3067 3110 3122 3173 3178 3183 3225 3234 3258 3261 
 3277 3296 3318 3332 3344 3350 3357 3367 3394 3396 3484 3521 3539 3573 3593 
 3646 3654 3662 3668 3725 3737 3765 3783 3830 3831 3834 3836 3841 3874 3879 
 3927 
 195 
 7 71 83 86 104 121 144 171 185 241 283 294 331 335 354 
 406 421 457 461 468 494 509 533 550 579 627 661 702 707 769 
 776 782 783 813 826 840 860 913 924 929 932 934 975 1005 1009 
 1023 1055 1061 1098 1110 1133 1134 1178 1182 1190 1263 1304 1305 1329 1350 
 1371 1389 1393 1400 1407 1439 1481 1492 1516 1520 1533 1549 1558 1559 1604 
 1607 1614 1621 1639 1696 1713 1742 1761 1774 1785 1786 1821 1823 1865 1881 
 1909 1957 1964 1965 1969 1979 2020 2028 2031 2041 2053 2061 2084 2086 2093 
 2098 2102 2116 2131 2165 2175 2195 2200 2243 2251 2279 2285 2303 2331 2333 
 2341 2345 2370 2416 2423 2430 2432 2483 2524 2582 2625 2634 2672 2684 2687 
 2756 2761 2770 2804 2843 2865 2873 2930 2933 2947 2955 2970 2977 2980 2985 
 2986 2990 3040 3067 3090 3104 3143 3154 3172 3191 3228 3231 3263 3270 3284 
 3298 3394 3400 3407 3419 3451 3471 3484 3498 3512 3518 3522 3549 3558 3587 
 3598 3637 3723 3742 3774 3780 3790 3792 3799 3810 3820 3824 3865 3884 3956 
 208 
 25 26 73 93 99 104 111 137 141 176 183 202 227 230 231 
 234 296 310 312 323 352 422 456 493 500 559 610 613 620 629 
 634 665 722 785 802 805 829 841 877 920 968 1015 1033 1047 1130 
 1135 1149 1158 1178 1179 1190 1205 1221 1243 1244 1246 1282 1297 1299 1306 
 1358 1384 1385 1399 1401 1451 1458 1476 1540 1570 1584 1631 1646 1689 1692 
 1713 1726 1727 1731 1755 1764 1768 1771 1794 1860 1879 1895 1911 1915 1916 
 1924 1930 1969 2000 2036 2060 2061 2085 2093 2095 2106 2112 2141 2149 2168 
 2228 2235 2239 2247 2310 2325 2332 2365 2367 2404 2405 2424 2439 2442 2484 
 2485 2504 2535 2552 2606 2614 2639 2645 2674 2720 2755 2786 2790 2801 2812 
 2832 2840 2848 2862 2875 2895 2898 2934 2948 2981 3028 3030 3031 3050 3064 
 3103 3112 3147 3152 3158 3165 3187 3198 3220 3225 3245 3259 3292 3312 3313 
 3318 3323 3343 3385 3392 3398 3402 3443 3457 3461 3495 3508 3513 3527 3534 
 3546 3552 3570 3594 3596 3620 3626 3627 3636 3640 3716 3739 3753 3757 3762 
 3795 3803 3818 3825 3829 3916 3920 3933 3945 3951 3987 3990 3993 
 199 
 21 31 48 54 57 60 79 88 103 120 179 235 240 293 305 
 311 338 390 398 399 409 412 437 438 447 494 528 535 549 577 
 597 615 645 676 726 735 743 776 784 788 824 838 853 856 902 
 916 923 929 934 940 944 1018 1045 1070 1071 1124 1128 1140 1157 1249 
 1255 1259 1263 1265 1291 1352 1360 1362 1382 1442 1446 1451 1463 1467 1477 
 1479 1497 1520 1522 1534 1539 1548 1579 1593 1598 1602 1619 1648 1660 1721 
 1809 1823 1837 1853 1854 1862 1898 1922 1930 1938 1945 1959 1972 1990 2000 
 2006 2031 2032 2037 2063 2151 2154 2186 2206 2236 2255 2262 2264 2282 2285 
 2298 2398 2416 2425 2442 2444 2496 2525 2548 2583 2592 2595 2609 2624 2649 
 2663 2679 2722 2724 2796 2807 2865 2874 2875 2890 2921 2924 2926 2941 2952 
 2995 3034 3099 3101 3149 3153 3177 3184 3233 3236 3243 3252 3287 3315 3330 
 3354 3359 3371 3393 3473 3477 3484 3492 3512 3545 3559 3575 3590 3591 3595 
 3596 3617 3650 3718 3730 3767 3796 3808 3810 3817 3826 3844 3862 3866 3875 
 3910 3967 3969 3980 
 206 
 9 10 21 38 52 59 62 86 104 112 118 119 125 126 138 
 150 151 160 183 306 365 375 387 415 420 477 482 492 496 501 
 526 527 544 546 549 550 577 592 625 646 665 692 700 720 731 
 736 863 869 895 913 940 958 968 998 1013 1031 1032 1105 1108 1131 
 1236 1247 1286 1308 1314 1333 1375 1379 1384 1406 1414 1422 1426 1466 1481 
 1487 1521 1557 1561 1628 1637 1657 1669 1697 1700 1728 1735 1761 1773 1779 
 1801 1825 1901 1914 1915 1953 1964 1982 1994 1998 2062 2064 2065 2106 2132 
 2153 2219 2221 2236 2237 2240 2242 2253 2258 2261 2272 2276 2279 2286 2319 
 2325 2330 2332 2336 2365 2411 2416 2434 2439 2492 2507 2529 2545 2558 2578 
 2596 2641 2646 2652 2686 2687 2761 2763 2773 2796 2821 2828 2876 2879 2883 
 2887 2896 2913 2965 2985 2988 3064 3070 3139 3151 3168 3172 3197 3222 3242 
 3246 3249 3263 3265 3274 3275 3284 3311 3312 3316 3319 3330 3341 3362 3369 
 3388 3466 3496 3521 3522 3587 3595 3601 3652 3653 3689 3692 3700 3702 3710 
 3717 3743 3750 3793 3806 3834 3838 3855 3867 3912 3938 
 200 
 45 49 55 56 71 95 137 189 217 228 252 273 300 345 348 
 387 410 425 426 444 461 583 588 620 624 632 674 680 687 703 
 715 749 755 756 779 800 825 847 870 882 915 953 970 1022 1047 
 1063 1078 1134 1165 1168 1172 1177 1215 1305 1306 1308 1313 1327 1339 1352 
 1357 1379 1389 1390 1407 1409 1415 1426 1433 1460 1465 1474 1478 1492 1521 
 1550 1561 1569 1571 1603 1612 1613 1673 1674 1713 1729 1732 1733 1769 1775 
 1792 1795 1830 1895 1907 1910 1945 1948 1991 2005 2006 2007 2054 2067 2143 
 2150 2160 2179 2189 2203 2222 2228 2238 2243 2251 2252 2276 2285 2300 2308 
 2322 2327 2368 2370 2383 2390 2413 2414 2420 2441 2451 2469 2488 2539 2540 
 2552 2644 2673 2681 2712 2741 2760 2762 2842 2871 2907 2982 3005 3014 3065 
 3067 3069 3097 3102 3105 3139 3180 3219 3245 3246 3272 3281 3302 3316 3328 
 3354 3359 3389 3433 3434 3437 3499 3506 3532 3537 3557 3626 3666 3668 3680 
 3690 3692 3758 3763 3769 3788 3800 3804 3850 3866 3869 3873 3876 3880 3896 
 3908 3911 3933 3966 3970 
 220 
 13 21 31 39 45 61 96 100 135 151 165 198 209 218 238 
 265 276 325 367 371 491 525 533 556 575 591 593 628 641 644 
 674 708 713 718 738 739 745 748 751 755 758 802 811 826 869 
 892 909 911 959 986 1005 1006 1009 1019 1020 1034 1037 1057 1096 1098 
 1106 1110 1145 1150 1174 1194 1196 1211 1243 1245 1252 1261 1276 1280 1285 
 1293 1329 1346 1349 1351 1367 1380 1387 1392 1416 1434 1476 1492 1524 1542 
 1568 1580 1590 1602 1604 1605 1617 1646 1658 1661 1692 1706 1768 1812 1855 
 1866 1876 1890 1893 1913 1929 1948 1969 1977 2051 2059 2061 2071 2096 2112 
 2128 2209 2220 2230 2235 2244 2253 2263 2277 2291 2311 2317 2344 2421 2449 
 2452 2453 2461 2489 2499 2519 2524 2526 2535 2544 2558 2571 2605 2628 2632 
 2634 2648 2651 2666 2691 2728 2760 2797 2832 2836 2844 2848 2866 2875 2905 
 2912 2921 2942 2960 2964 3010 3016 3033 3034 3042 3083 3114 3119 3136 3139 
 3153 3188 3250 3263 3287 3307 3358 3371 3405 3420 3423 3425 3450 3473 3481 
 3490 3502 3503 3551 3556 3559 3614 3649 3651 3671 3676 3680 3717 3718 3790 
 3827 3844 3846 3851 3865 3869 3871 3886 3936 3981 
 219 
 4 66 86 102 131 135 137 140 162 167 176 190 201 221 223 
 256 281 300 314 320 322 366 370 380 381 386 411 433 450 458 
 479 487 488 495 523 529 534 598 619 638 666 671 681 702 709 
 728 733 736 737 745 786 799 815 854 882 906 991 1017 1038 1110 
 1118 1122 1139 1154 1214 1225 1251 1259 1269 1271 1281 1295 1299 1309 1322 
 1387 1417 1433 1462 1466 1475 1479 1482 1491 1558 1601 1614 1616 1643 1652 
 1701 1706 1725 1726 1752 1754 1766 1772 1781 1796 1797 1817 1864 1874 1876 
 1887 1888 1936 1939 1970 1973 1980 1983 1997 2017 2020 2021 2061 2116 2140 
 2173 2208 2221 2224 2279 2292 2315 2361 2374 2398 2404 2418 2429 2441 2447 
 2473 2486 2497 2555 2568 2569 2571 2575 2584 2602 2618 2621 2624 2625 2646 
 2648 2650 2667 2714 2722 2739 2740 2788 2851 2868 2904 2930 2957 2978 3016 
 3038 3048 3091 3114 3119 3148 3166 3174 3190 3202 3203 3213 3261 3307 3327 
 3330 3331 3353 3354 3372 3424 3430 3456 3472 3493 3507 3516 3525 3530 3610 
 3618 3631 3649 3672 3678 3708 3728 3744 3755 3765 3789 3806 3824 3840 3845 
 3848 3858 3888 3897 3914 3931 3968 3976 3990 
 222 
 2 37 56 119 129 153 172 175 182 191 216 226 229 236 245 
 267 275 288 290 297 325 328 350 372 373 381 382 441 458 488 
 541 547 568 572 584 587 621 655 665 673 674 702 740 745 765 
 767 778 784 830 857 924 960 1002 1006 1009 1031 1067 1071 1083 1092 
 1093 1125 1128 1135 1139 1166 1173 1180 1201 1216 1233 1243 1249 1251 1303 
 1388 1406 1413 1439 1457 1465 1525 1545 1549 1551 1565 1587 1617 1652 1654 
 1680 1684 1687 1689 1699 1703 1726 1736 1744 1770 1776 1778 1790 1868 1872 
 1894 1908 1924 1931 1996 2019 2040 2053 2063 2079 2138 2187 2195 2202 2207 
 2242 2246 2260 2320 2342 2347 2357 2360 2361 2362 2370 2383 2399 2400 2401 
 2415 2445 2452 2459 2466 2467 2484 2490 2492 2493 2511 2521 2522 2529 2551 
 2567 2590 2598 2600 2616 2745 2756 2787 2791 2793 2805 2806 2836 2844 2853 
 2872 2904 2916 2944 2953 2960 2969 2978 3000 3030 3084 3086 3090 3105 3127 
 3145 3160 3180 3184 3190 3250 3253 3321 3323 3355 3357 3365 3378 3387 3413 
 3430 3436 3437 3439 3452 3464 3491 3500 3519 3530 3541 3559 3561 3598 3603 
 3618 3621 3641 3726 3760 3762 3778 3836 3931 3934 3948 3957 
 180 
 2 29 43 46 115 116 119 135 136 148 181 183 186 229 232 
 250 284 299 310 341 397 404 410 417 426 464 496 517 605 609 
 619 628 630 636 638 646 648 663 742 754 765 775 780 789 809 
 813 814 834 975 998 1031 1051 1094 1113 1123 1162 1254 1259 1426 1429 
 1440 1538 1559 1561 1563 1602 1606 1644 1676 1683 1705 1710 1712 1726 1727 
 1736 1738 1745 1762 1778 1786 1790 1834 1851 1878 1888 1896 1946 1974 2045 
 2058 2079 2116 2126 2142 2204 2205 2211 2261 2276 2287 2328 2354 2397 2480 
 2516 2607 2645 2696 2717 2727 2752 2768 2834 2840 2846 2924 2944 2957 2962 
 2964 2979 2985 3001 3006 3016 3034 3046 3049 3083 3102 3120 3151 3168 3190 
 3198 3203 3212 3216 3242 3269 3274 3298 3332 3339 3343 3410 3435 3442 3445 
 3447 3454 3462 3468 3478 3482 3490 3520 3526 3550 3602 3634 3647 3655 3691 
 3717 3746 3760 3766 3780 3789 3798 3821 3834 3852 3857 3878 3925 3928 3974 
 228 
 24 36 42 54 69 118 133 164 187 216 225 262 269 283 291 
 295 299 312 336 345 374 398 412 448 450 457 464 465 467 501 
 508 542 560 612 637 640 680 704 712 718 722 734 765 769 771 
 783 791 807 810 833 847 859 874 883 884 926 930 1003 1038 1046 
 1065 1096 1099 1103 1150 1151 1169 1201 1202 1212 1222 1227 1260 1273 1274 
 1275 1288 1350 1354 1374 1380 1393 1398 1403 1404 1414 1418 1429 1435 1467 
 1508 1522 1525 1537 1550 1554 1559 1570 1601 1603 1612 1630 1642 1665 1666 
 1671 1679 1684 1732 1734 1770 1773 1788 1793 1817 1903 1905 1930 1931 1941 
 2048 2050 2075 2080 2091 2099 2116 2157 2229 2231 2250 2258 2308 2320 2351 
 2354 2357 2371 2397 2432 2520 2567 2568 2571 2610 2620 2628 2636 2644 2679 
 2683 2688 2701 2727 2732 2735 2749 2765 2767 2769 2786 2787 2834 2865 2872 
 2875 2902 2984 3001 3005 3067 3071 3072 3078 3114 3119 3144 3153 3181 3186 
 3194 3200 3207 3221 3222 3224 3232 3235 3246 3250 3281 3285 3327 3363 3365 
 3388 3402 3404 3435 3439 3465 3505 3511 3516 3528 3538 3564 3574 3583 3599 
 3615 3626 3656 3695 3701 3703 3721 3729 3766 3827 3843 3857 3858 3881 3889 
 3926 3928 3958 
 196 
 17 19 54 73 93 122 174 182 187 208 235 250 325 338 368 
 389 395 445 503 541 575 584 588 658 664 666 677 696 702 706 
 765 777 785 817 836 860 878 889 912 918 923 925 977 983 999 
 1035 1060 1066 1069 1074 1114 1121 1146 1173 1186 1259 1260 1269 1270 1286 
 1309 1313 1345 1367 1391 1428 1435 1436 1597 1605 1607 1614 1619 1640 1653 
 1654 1722 1739 1742 1788 1792 1814 1834 1868 1892 1905 1948 1975 1976 2003 
 2007 2041 2052 2054 2058 2070 2087 2162 2181 2182 2230 2247 2276 2331 2344 
 2367 2415 2419 2443 2445 2479 2493 2501 2507 2521 2527 2530 2561 2570 2587 
 2619 2623 2645 2658 2689 2699 2724 2729 2737 2783 2789 2793 2803 2814 2844 
 2847 2852 2860 2870 2874 2895 2898 2934 2940 2946 2950 2959 2963 2978 3011 
 3032 3074 3083 3093 3105 3108 3112 3131 3149 3153 3198 3216 3241 3282 3298 
 3329 3345 3356 3368 3370 3395 3407 3416 3441 3444 3523 3552 3567 3623 3636 
 3666 3693 3698 3704 3780 3784 3804 3901 3925 3929 3968 3974 3985 3989 3997 
 4000 
 190 
 10 20 26 57 62 80 135 161 162 171 202 218 254 278 291 
 305 309 339 343 355 385 426 432 466 495 506 513 517 535 556 
 574 604 609 621 629 640 660 670 687 703 710 726 739 747 761 
 789 826 832 864 866 891 936 938 952 976 1033 1055 1159 1168 1216 
 1225 1236 1268 1279 1304 1307 1328 1339 1364 1392 1401 1405 1407 1463 1503 
 1553 1592 1619 1620 1638 1683 1726 1780 1842 1873 1901 1935 1957 1966 1983 
 2078 2104 2113 2161 2180 2195 2200 2209 2237 2252 2262 2273 2285 2301 2308 
 2322 2366 2400 2424 2432 2465 2466 2553 2571 2593 2625 2630 2651 2668 2731 
 2742 2744 2759 2783 2793 2801 2811 2813 2840 2878 2931 2935 2942 2989 2996 
 3006 3008 3031 3035 3056 3062 3068 3070 3131 3150 3160 3168 3193 3202 3217 
 3218 3221 3234 3250 3284 3290 3292 3326 3360 3375 3465 3472 3477 3483 3490 
 3491 3538 3543 3546 3548 3597 3617 3618 3622 3635 3700 3708 3719 3721 3753 
 3760 3793 3810 3827 3831 3837 3942 3952 3969 3992 
 188 
 6 16 23 36 49 52 135 149 217 260 271 288 291 319 393 
 421 436 489 530 535 559 560 591 592 622 628 643 662 669 705 
 727 736 779 795 807 831 859 895 925 931 968 992 994 1019 1036 
 1041 1075 1097 1101 1108 1168 1178 1197 1236 1292 1341 1461 1469 1485 1499 
 1510 1526 1537 1549 1565 1620 1658 1678 1696 1698 1708 1814 1818 1848 1868 
 1882 1891 1931 1968 1970 1985 2005 2008 2022 2089 2097 2122 2129 2132 2142 
 2163 2212 2276 2359 2373 2379 2410 2416 2428 2444 2467 2498 2513 2515 2564 
 2579 2595 2629 2667 2680 2693 2696 2718 2723 2725 2730 2737 2761 2762 2775 
 2803 2804 2823 2881 2902 2903 2906 2985 3032 3033 3043 3068 3071 3081 3119 
 3124 3180 3218 3245 3275 3282 3313 3317 3326 3371 3422 3427 3435 3443 3449 
 3461 3480 3482 3522 3557 3573 3590 3599 3617 3620 3625 3626 3635 3638 3657 
 3666 3676 3678 3684 3700 3752 3771 3772 3787 3791 3802 3813 3821 3827 3840 
 3847 3901 3904 3924 3927 3933 3964 3977 
 198 
 12 19 73 100 108 117 127 131 144 163 164 165 173 205 209 
 231 249 255 311 331 334 347 363 376 403 446 447 449 465 471 
 511 542 579 661 689 750 785 837 842 894 906 908 913 922 928 
 940 960 978 998 1011 1022 1023 1063 1073 1082 1211 1232 1237 1255 1283 
 1295 1305 1349 1377 1383 1391 1403 1414 1430 1435 1449 1462 1501 1515 1518 
 1533 1536 1539 1549 1552 1573 1580 1586 1611 1647 1659 1673 1676 1677 1693 
 1694 1698 1704 1768 1782 1821 1822 1833 1880 1914 1936 1939 1984 1987 2005 
 2034 2063 2070 2071 2111 2154 2171 2173 2175 2186 2248 2254 2269 2323 2361 
 2368 2374 2407 2416 2423 2430 2462 2485 2489 2496 2567 2612 2639 2713 2719 
 2732 2750 2760 2792 2805 2807 2828 2841 2848 2856 2882 2889 2909 2926 2930 
 2962 2999 3008 3043 3070 3076 3094 3125 3135 3140 3221 3245 3248 3267 3272 
 3293 3322 3328 3330 3387 3394 3448 3454 3559 3567 3583 3591 3606 3611 3613 
 3616 3660 3667 3671 3672 3679 3684 3689 3705 3716 3725 3767 3832 3834 3863 
 3930 3938 3997 
 190 
 80 87 105 135 167 207 224 289 324 328 340 342 345 417 421 
 451 493 498 545 556 567 601 605 610 621 629 642 667 731 780 
 800 848 858 864 870 917 933 956 1012 1040 1083 1133 1171 1179 1228 
 1268 1269 1273 1292 1311 1314 1316 1326 1343 1369 1370 1417 1432 1455 1462 
 1466 1468 1538 1569 1572 1581 1600 1604 1611 1613 1651 1652 1687 1705 1738 
 1760 1820 1825 1830 1841 1866 1875 1894 1899 1906 1940 1962 2000 2001 2005 
 2018 2046 2049 2069 2097 2127 2131 2139 2156 2160 2171 2173 2191 2218 2236 
 2241 2276 2285 2308 2347 2351 2358 2423 2424 2429 2431 2446 2454 2463 2497 
 2527 2540 2544 2587 2588 2645 2649 2650 2733 2750 2777 2842 2860 2884 2889 
 2907 2918 2957 2983 3004 3021 3029 3035 3064 3065 3094 3095 3110 3111 3137 
 3191 3219 3227 3262 3271 3276 3281 3290 3390 3415 3427 3431 3435 3469 3492 
 3498 3509 3516 3521 3561 3610 3623 3638 3652 3657 3670 3671 3703 3705 3714 
 3715 3718 3738 3814 3828 3837 3873 3956 3959 3988 
 203 
 29 51 63 159 165 184 216 221 239 252 253 260 263 267 271 
 293 363 376 377 392 409 413 421 429 436 535 540 576 584 697 
 700 702 734 761 774 781 814 832 869 878 899 903 911 932 933 
 953 998 1055 1066 1073 1125 1133 1139 1145 1148 1166 1175 1187 1198 1200 
 1207 1224 1234 1235 1256 1266 1299 1326 1333 1356 1372 1410 1412 1428 1432 
 1451 1461 1463 1484 1488 1498 1506 1516 1525 1554 1583 1604 1629 1644 1658 
 1665 1696 1751 1794 1815 1834 1858 1883 1898 1913 1920 1933 1935 1944 1947 
 1989 2003 2006 2015 2023 2034 2038 2041 2045 2076 2106 2112 2119 2128 2148 
 2166 2180 2234 2246 2314 2326 2329 2334 2335 2337 2340 2376 2383 2402 2419 
 2423 2439 2445 2452 2498 2521 2525 2529 2566 2569 2655 2659 2678 2723 2740 
 2748 2755 2785 2813 2818 2918 2942 2967 2971 2987 3025 3032 3078 3136 3153 
 3154 3181 3282 3288 3293 3299 3317 3327 3347 3365 3400 3413 3429 3477 3492 
 3525 3566 3590 3595 3603 3624 3675 3714 3718 3722 3811 3823 3850 3864 3887 
 3888 3889 3900 3906 3930 3934 3949 3987 
 195 
 13 23 48 92 98 100 102 118 121 122 159 170 172 190 227 
 257 272 280 297 316 327 332 349 355 412 428 446 447 448 461 
 495 500 531 549 575 580 585 681 696 733 758 844 850 875 906 
 909 938 946 948 973 1001 1006 1014 1028 1039 1045 1055 1056 1107 1108 
 1134 1145 1149 1194 1204 1217 1244 1256 1257 1284 1300 1326 1349 1413 1442 
 1445 1461 1472 1519 1520 1542 1559 1611 1623 1630 1646 1688 1703 1738 1768 
 1770 1805 1820 1838 1840 1921 1933 1989 2005 2022 2026 2039 2043 2093 2101 
 2102 2126 2133 2160 2166 2228 2277 2307 2316 2342 2352 2451 2477 2478 2480 
 2487 2493 2561 2572 2576 2591 2622 2652 2655 2675 2708 2746 2754 2756 2758 
 2761 2787 2809 2827 2836 2837 2849 2891 2892 2899 2970 2974 2990 3028 3029 
 3030 3051 3075 3110 3112 3118 3128 3129 3132 3178 3182 3191 3199 3200 3205 
 3207 3208 3211 3241 3268 3281 3315 3352 3374 3381 3414 3474 3487 3495 3585 
 3590 3608 3618 3652 3653 3754 3790 3816 3826 3827 3839 3898 3915 3922 3988 
 220 
 3 5 10 11 27 52 56 59 85 90 106 107 116 126 164 
 177 181 186 196 240 266 275 325 329 342 348 377 381 429 449 
 450 462 492 501 525 534 625 627 633 637 653 663 667 696 731 
 754 765 773 809 828 834 838 847 886 904 921 963 978 1045 1075 
 1094 1122 1127 1170 1192 1193 1249 1253 1286 1292 1310 1312 1337 1365 1373 
 1380 1387 1394 1397 1401 1418 1420 1433 1443 1475 1482 1486 1489 1527 1573 
 1574 1580 1615 1617 1648 1657 1664 1679 1684 1695 1703 1720 1750 1773 1784 
 1792 1816 1840 1851 1870 1875 1890 1894 1896 1907 1916 1933 1967 1984 2002 
 2011 2016 2019 2024 2042 2093 2097 2108 2114 2207 2238 2289 2329 2359 2383 
 2389 2406 2411 2449 2483 2507 2516 2523 2525 2527 2540 2544 2558 2573 2589 
 2605 2616 2632 2636 2646 2656 2678 2695 2722 2790 2803 2829 2843 2861 2923 
 2967 3023 3065 3078 3120 3124 3153 3193 3195 3224 3252 3254 3286 3296 3325 
 3359 3360 3364 3376 3413 3442 3443 3468 3495 3519 3547 3548 3552 3570 3578 
 3580 3596 3597 3609 3633 3634 3661 3662 3732 3756 3763 3799 3831 3832 3836 
 3869 3880 3884 3899 3925 3930 3936 3942 3953 3990 
 220 
 21 31 43 56 62 113 124 126 137 140 163 203 210 235 246 
 247 260 266 294 304 305 352 359 407 410 414 421 428 450 499 
 568 588 594 614 622 628 635 643 652 671 676 683 686 689 692 
 694 700 701 719 781 792 830 856 905 929 951 960 965 975 996 
 998 1051 1084 1096 1112 1119 1122 1132 1143 1161 1174 1210 1228 1254 1259 
 1273 1279 1295 1310 1356 1421 1429 1481 1500 1504 1557 1564 1570 1572 1598 
 1608 1652 1672 1684 1685 1701 1719 1743 1751 1794 1803 1818 1820 1857 1860 
 1868 1922 1957 1959 1976 2005 2011 2061 2092 2115 2121 2140 2148 2167 2213 
 2259 2282 2291 2294 2298 2312 2325 2342 2349 2377 2381 2391 2397 2435 2449 
 2467 2468 2472 2493 2496 2499 2528 2549 2560 2575 2596 2613 2628 2637 2659 
 2675 2682 2697 2699 2701 2738 2739 2775 2783 2816 2881 2911 2948 2989 3000 
 3003 3011 3014 3029 3044 3047 3063 3077 3088 3104 3109 3133 3183 3184 3211 
 3213 3226 3234 3252 3269 3281 3282 3318 3343 3359 3361 3381 3398 3399 3421 
 3438 3463 3496 3504 3536 3537 3574 3685 3696 3700 3709 3730 3755 3772 3773 
 3790 3846 3869 3872 3876 3880 3882 3927 3982 3996 
 209 
 3 22 44 52 53 80 99 122 124 146 147 153 154 155 160 
 186 197 203 247 254 272 275 292 298 300 322 328 332 370 378 
 414 429 435 448 465 492 517 564 633 642 678 696 708 720 731 
 764 776 831 834 842 847 862 882 910 964 1018 1064 1096 1098 1102 
 1119 1198 1213 1251 1258 1263 1287 1290 1291 1356 1358 1372 1375 1394 1399 
 1435 1448 1453 1463 1479 1503 1541 1548 1568 1611 1612 1642 1650 1676 1721 
 1745 1768 1779 1815 1820 1838 1853 1892 1896 1897 1935 1936 1937 1972 1973 
 2004 2022 2054 2081 2087 2143 2158 2180 2223 2257 2259 2267 2283 2291 2339 
 2362 2371 2374 2378 2451 2484 2520 2531 2551 2564 2593 2622 2624 2639 2670 
 2686 2700 2703 2722 2772 2775 2793 2794 2809 2814 2863 2868 2899 2914 2945 
 2951 2953 2982 2987 2995 3011 3033 3053 3054 3113 3133 3153 3186 3224 3245 
 3256 3258 3261 3262 3270 3274 3292 3340 3358 3387 3411 3416 3430 3434 3441 
 3462 3472 3473 3487 3549 3626 3645 3648 3688 3695 3697 3711 3721 3741 3748 
 3781 3796 3820 3857 3884 3895 3907 3913 3930 3940 3945 3981 3987 3997 
 213 
 1 9 39 79 82 90 136 146 154 156 165 244 250 252 256 
 267 296 302 330 339 359 367 376 379 394 400 408 459 496 518 
 535 538 547 564 606 618 645 667 668 678 705 707 720 732 760 
 795 851 893 894 899 987 1001 1005 1016 1023 1024 1062 1065 1077 1113 
 1184 1200 1238 1246 1247 1250 1252 1275 1288 1302 1372 1384 1399 1438 1440 
 1489 1520 1546 1570 1584 1602 1611 1627 1635 1671 1679 1686 1726 1783 1801 
 1814 1852 1857 1938 1966 1981 1999 2047 2054 2066 2092 2114 2142 2151 2163 
 2170 2172 2211 2274 2284 2299 2300 2323 2339 2359 2394 2403 2434 2445 2464 
 2496 2519 2527 2534 2541 2545 2549 2553 2572 2574 2586 2612 2623 2633 2659 
 2660 2661 2674 2680 2700 2718 2759 2786 2795 2797 2815 2816 2839 2873 2878 
 2889 2892 2904 2906 2916 2964 2968 2982 2988 3001 3029 3045 3054 3076 3119 
 3121 3152 3154 3163 3164 3190 3217 3220 3230 3252 3260 3317 3328 3358 3402 
 3467 3486 3503 3516 3545 3550 3579 3589 3591 3623 3628 3630 3666 3673 3701 
 3713 3714 3721 3772 3775 3790 3795 3796 3835 3838 3850 3858 3859 3861 3884 
 3892 3893 3943 
 185 
 25 53 88 94 119 146 256 273 284 296 303 329 346 357 362 
 375 380 383 391 455 472 499 503 504 509 517 581 585 620 623 
 624 625 644 666 674 682 819 834 853 867 879 927 947 989 1036 
 1044 1060 1096 1121 1230 1258 1274 1308 1314 1321 1354 1371 1402 1408 1417 
 1420 1432 1477 1544 1549 1564 1581 1592 1607 1615 1634 1658 1673 1675 1691 
 1696 1712 1738 1769 1798 1833 1914 1965 1970 1982 1984 2018 2041 2047 2049 
 2067 2136 2145 2199 2204 2205 2209 2215 2228 2240 2253 2279 2285 2289 2309 
 2313 2363 2371 2377 2389 2399 2419 2440 2452 2485 2532 2539 2572 2595 2597 
 2598 2625 2626 2643 2669 2675 2705 2718 2785 2804 2832 2844 2866 2882 2894 
 2896 2900 2955 2984 2988 2994 3068 3073 3104 3172 3181 3193 3266 3268 3282 
 3339 3363 3366 3416 3424 3446 3562 3571 3574 3575 3582 3594 3597 3614 3630 
 3640 3665 3681 3696 3707 3712 3802 3808 3824 3830 3843 3849 3851 3879 3880 
 3885 3920 3931 3965 3996 
 186 
 2 51 67 81 85 120 124 159 187 196 202 212 236 243 278 
 300 323 338 381 399 417 448 457 462 494 496 529 534 587 600 
 619 632 634 648 655 662 673 763 778 828 859 908 915 955 960 
 963 983 996 1000 1005 1014 1022 1057 1059 1088 1091 1094 1121 1138 1144 
 1189 1240 1255 1282 1286 1289 1341 1346 1378 1427 1430 1433 1524 1525 1597 
 1620 1626 1692 1697 1702 1739 1764 1776 1779 1783 1817 1826 1827 1839 1856 
 1904 1911 1932 1946 1967 1972 2005 2027 2050 2074 2077 2081 2119 2141 2208 
 2211 2229 2278 2281 2311 2327 2405 2407 2410 2475 2477 2512 2516 2531 2540 
 2541 2550 2574 2600 2682 2690 2691 2717 2744 2756 2764 2806 2838 2849 2880 
 2896 2974 2984 3020 3082 3091 3105 3121 3124 3172 3177 3178 3201 3203 3251 
 3263 3283 3289 3306 3334 3343 3375 3376 3406 3417 3435 3436 3471 3491 3549 
 3582 3592 3605 3611 3614 3618 3620 3629 3646 3706 3715 3740 3805 3806 3826 
 3844 3848 3880 3885 3909 3964 
 187 
 3 9 32 40 85 90 127 139 158 160 227 314 365 379 382 
 409 431 474 534 537 556 577 578 594 612 617 625 629 644 662 
 695 719 745 751 774 777 787 812 819 830 832 847 857 873 929 
 998 1000 1005 1006 1013 1027 1029 1135 1140 1229 1249 1258 1303 1318 1397 
 1412 1438 1446 1472 1500 1501 1524 1529 1538 1567 1576 1586 1602 1607 1616 
 1634 1664 1665 1679 1750 1751 1764 1779 1780 1783 1786 1789 1832 1863 1945 
 1957 1969 1993 2010 2050 2061 2065 2086 2099 2134 2156 2168 2176 2177 2189 
 2325 2339 2359 2361 2390 2399 2444 2447 2448 2465 2466 2483 2487 2517 2534 
 2536 2582 2590 2613 2614 2642 2654 2660 2691 2697 2709 2715 2741 2839 2860 
 2871 2954 2962 2971 2978 2985 3002 3004 3032 3055 3070 3074 3078 3169 3217 
 3250 3261 3265 3356 3374 3410 3447 3459 3469 3514 3523 3527 3542 3553 3589 
 3609 3611 3677 3681 3682 3695 3716 3728 3738 3742 3758 3761 3762 3776 3804 
 3826 3865 3885 3929 3948 3978 3991 
 200 
 1 13 18 19 30 50 148 149 155 192 198 199 213 228 241 
 257 261 303 308 314 336 340 348 355 366 429 430 439 443 450 
 459 471 478 481 507 536 567 579 608 703 710 732 734 743 776 
 784 844 850 855 878 917 932 975 1008 1030 1094 1107 1139 1148 1210 
 1224 1225 1232 1239 1248 1317 1331 1340 1342 1346 1377 1389 1399 1423 1441 
 1459 1520 1526 1548 1556 1575 1587 1594 1616 1630 1646 1649 1669 1683 1714 
 1716 1718 1734 1741 1761 1765 1775 1790 1814 1866 1875 1913 1915 1930 1935 
 1940 1945 1958 1963 2023 2103 2129 2134 2170 2186 2207 2211 2234 2258 2259 
 2283 2335 2410 2416 2436 2444 2445 2466 2488 2489 2544 2557 2588 2606 2641 
 2700 2718 2741 2760 2773 2781 2804 2812 2881 2906 2914 2966 3004 3014 3037 
 3065 3077 3104 3105 3115 3116 3125 3148 3151 3152 3175 3182 3205 3250 3265 
 3300 3301 3312 3313 3322 3372 3399 3484 3493 3512 3533 3536 3552 3562 3602 
 3623 3627 3644 3648 3663 3672 3681 3714 3742 3754 3759 3798 3914 3948 3954 
 3966 3968 3974 3980 3993 
 191 
 33 55 59 163 165 175 177 200 201 215 229 242 252 268 292 
 302 316 320 322 326 351 369 391 395 422 507 534 536 544 547 
 600 623 640 651 685 704 709 745 761 764 788 838 880 900 905 
 928 935 946 955 988 1007 1045 1052 1054 1063 1071 1098 1124 1169 1211 
 1227 1251 1259 1271 1299 1301 1302 1313 1316 1336 1338 1340 1348 1373 1391 
 1423 1430 1447 1469 1487 1527 1531 1565 1574 1587 1593 1610 1623 1696 1780 
 1818 1830 1863 1883 1929 1934 1970 1971 1973 1988 1996 2001 2004 2057 2062 
 2065 2076 2143 2161 2211 2238 2248 2249 2281 2292 2333 2340 2405 2454 2487 
 2490 2511 2528 2571 2607 2609 2619 2622 2646 2678 2680 2761 2781 2811 2927 
 2934 2940 3017 3019 3021 3092 3095 3122 3126 3132 3142 3179 3180 3188 3195 
 3201 3253 3276 3292 3302 3306 3310 3325 3387 3406 3414 3429 3436 3474 3478 
 3504 3562 3585 3590 3595 3608 3616 3629 3630 3631 3643 3675 3680 3719 3745 
 3758 3768 3774 3789 3793 3800 3863 3866 3904 3964 3971 
 205 
 12 15 16 36 43 145 218 224 225 253 260 264 271 299 334 
 343 360 361 388 412 461 484 552 555 562 568 591 595 599 609 
 616 649 659 666 668 677 681 708 709 716 768 784 802 804 809 
 819 839 855 858 859 863 870 899 914 950 996 1027 1033 1077 1087 
 1088 1101 1113 1116 1122 1130 1133 1136 1140 1188 1195 1226 1231 1253 1258 
 1420 1441 1446 1456 1479 1498 1519 1546 1559 1578 1589 1614 1662 1676 1679 
 1680 1715 1724 1730 1751 1760 1788 1815 1832 1836 1862 1905 1909 1948 2008 
 2010 2030 2057 2091 2164 2207 2210 2214 2223 2249 2275 2280 2293 2311 2325 
 2329 2333 2342 2344 2410 2458 2463 2465 2484 2492 2496 2527 2544 2547 2548 
 2557 2630 2633 2637 2653 2656 2658 2660 2668 2681 2690 2722 2780 2785 2876 
 2932 2943 2996 3040 3067 3082 3083 3088 3109 3111 3124 3126 3134 3150 3191 
 3195 3243 3256 3284 3292 3340 3383 3391 3395 3411 3429 3437 3467 3469 3491 
 3564 3592 3623 3659 3714 3729 3738 3749 3759 3775 3778 3799 3814 3838 3855 
 3857 3897 3901 3917 3942 3971 3981 3992 3997 3998 
 175 
 2 5 20 42 65 75 95 99 103 121 132 162 240 267 269 
 272 350 383 387 390 408 418 422 471 520 550 552 553 594 610 
 695 717 751 775 823 826 841 854 875 884 928 997 1002 1013 1047 
 1055 1077 1123 1130 1141 1156 1164 1211 1233 1257 1293 1306 1385 1435 1473 
 1487 1488 1499 1511 1560 1563 1576 1578 1595 1615 1621 1680 1686 1689 1698 
 1769 1775 1776 1791 1815 1819 1875 1887 1928 1953 1956 1961 1977 1994 2009 
 2023 2068 2074 2087 2155 2167 2174 2183 2287 2307 2313 2332 2364 2367 2391 
 2401 2406 2409 2450 2482 2493 2540 2541 2544 2552 2558 2561 2572 2631 2632 
 2633 2659 2665 2672 2681 2704 2710 2731 2740 2744 2789 2868 2953 2980 3001 
 3024 3042 3058 3183 3193 3206 3217 3229 3242 3260 3273 3275 3327 3329 3331 
 3347 3453 3457 3502 3511 3527 3549 3557 3569 3619 3622 3642 3658 3665 3679 
 3706 3731 3759 3796 3832 3910 3924 3926 3964 3971 
 168 
 1 40 54 83 86 97 109 117 180 249 253 276 295 337 349 
 374 436 468 469 479 492 515 566 579 625 652 663 665 704 717 
 723 755 811 821 866 889 900 924 954 965 996 1036 1040 1050 1135 
 1144 1165 1180 1182 1221 1252 1263 1267 1286 1291 1297 1311 1350 1359 1374 
 1378 1444 1452 1471 1472 1499 1506 1516 1519 1532 1564 1579 1623 1636 1653 
 1747 1773 1775 1778 1782 1851 1854 1927 1944 1966 1976 1977 2013 2051 2064 
 2112 2128 2136 2169 2178 2186 2214 2238 2243 2280 2299 2342 2347 2378 2406 
 2447 2450 2462 2468 2509 2543 2552 2623 2627 2648 2699 2713 2755 2771 2796 
 2798 2842 2848 2899 2918 2932 2941 2996 3009 3024 3030 3052 3066 3178 3217 
 3229 3244 3258 3259 3271 3284 3325 3442 3455 3480 3490 3500 3528 3541 3579 
 3613 3653 3679 3705 3729 3735 3762 3768 3789 3812 3825 3856 3863 3880 3893 
 3939 3944 3954 
 181 
 35 91 92 96 256 261 266 326 341 371 441 467 471 480 483 
 567 583 627 628 657 685 686 708 715 721 734 764 791 793 828 
 833 839 846 871 898 913 935 953 958 997 1037 1039 1058 1095 1101 
 1116 1124 1147 1160 1165 1168 1183 1208 1213 1214 1230 1234 1254 1262 1289 
 1294 1295 1298 1319 1351 1375 1416 1442 1447 1452 1491 1504 1510 1519 1529 
 1552 1647 1649 1659 1678 1762 1818 1821 1855 1896 1934 1946 1993 2030 2031 
 2032 2051 2102 2113 2115 2121 2243 2276 2294 2329 2330 2349 2381 2406 2413 
 2425 2459 2469 2516 2518 2554 2579 2597 2610 2613 2634 2640 2657 2687 2720 
 2722 2729 2744 2747 2752 2756 2761 2803 2811 2819 2822 2844 2911 2937 2958 
 2971 2973 3030 3041 3067 3077 3106 3113 3135 3156 3158 3180 3197 3205 3217 
 3256 3258 3286 3296 3319 3336 3340 3346 3385 3419 3428 3440 3500 3537 3548 
 3604 3605 3611 3618 3639 3645 3691 3774 3790 3810 3822 3926 3947 3970 3975 
 3996 
 224 
 10 33 72 100 159 177 193 205 214 224 231 246 254 291 296 
 306 341 391 422 429 449 468 512 523 581 612 651 694 703 716 
 723 728 743 756 773 816 848 926 927 934 957 965 982 986 1010 
 1035 1036 1037 1056 1085 1099 1124 1145 1147 1155 1176 1182 1204 1206 1215 
 1216 1218 1221 1245 1257 1269 1285 1293 1302 1325 1346 1350 1358 1388 1394 
 1409 1411 1412 1415 1425 1437 1439 1459 1477 1478 1504 1519 1520 1531 1557 
 1569 1572 1573 1618 1684 1737 1768 1786 1795 1820 1821 1842 1891 1907 1915 
 1919 1923 1932 1973 1977 1988 1989 2000 2035 2067 2075 2096 2133 2134 2141 
 2153 2165 2240 2245 2263 2289 2339 2349 2387 2400 2404 2406 2412 2426 2437 
 2451 2465 2466 2484 2492 2495 2518 2530 2565 2567 2602 2638 2639 2649 2665 
 2695 2802 2804 2805 2826 2835 2837 2843 2847 2856 2869 2883 2887 2902 2906 
 2918 2949 2963 2969 3023 3065 3070 3085 3089 3118 3124 3138 3149 3157 3172 
 3202 3226 3257 3273 3293 3304 3310 3325 3335 3349 3408 3429 3435 3485 3529 
 3533 3535 3555 3559 3560 3617 3620 3639 3640 3668 3681 3694 3744 3758 3764 
 3782 3792 3810 3818 3824 3832 3842 3844 3859 3917 3921 3926 3935 3963 
 187 
 16 57 116 159 164 202 253 256 263 264 284 286 334 350 366 
 410 447 460 524 623 625 631 672 690 693 738 740 742 748 749 
 768 780 848 869 879 887 915 946 953 963 980 982 1000 1002 1040 
 1045 1065 1070 1082 1178 1183 1190 1228 1256 1334 1342 1360 1379 1452 1490 
 1494 1514 1528 1531 1548 1580 1607 1613 1646 1653 1654 1656 1670 1721 1737 
 1738 1760 1761 1782 1794 1826 1844 1856 1910 1924 1927 1957 1970 1983 2001 
 2013 2018 2025 2031 2049 2090 2126 2150 2168 2169 2173 2196 2217 2239 2247 
 2281 2295 2320 2340 2379 2383 2411 2423 2460 2471 2534 2535 2538 2555 2572 
 2593 2607 2659 2699 2703 2736 2738 2759 2770 2790 2824 2826 2835 2839 2850 
 2852 2854 2867 2879 2897 2899 2922 2926 2940 2963 2978 2986 3023 3031 3074 
 3081 3092 3117 3207 3256 3268 3289 3362 3395 3441 3488 3497 3518 3526 3568 
 3593 3595 3602 3615 3617 3622 3632 3639 3651 3714 3715 3720 3750 3779 3824 
 3838 3845 3940 3943 3956 3960 3966 
 169 
 2 6 68 89 95 96 97 110 161 170 230 242 286 339 360 
 375 391 422 443 446 450 456 463 554 581 583 620 635 667 669 
 750 757 786 798 805 816 818 849 903 961 990 1005 1036 1151 1162 
 1167 1216 1228 1326 1343 1357 1384 1425 1453 1456 1475 1492 1527 1543 1560 
 1575 1629 1667 1676 1678 1699 1755 1779 1794 1813 1851 1853 1865 1900 1974 
 1985 2001 2057 2082 2087 2115 2119 2141 2148 2207 2220 2234 2244 2277 2282 
 2285 2292 2329 2331 2369 2436 2444 2484 2492 2524 2550 2557 2579 2610 2630 
 2644 2676 2725 2745 2757 2762 2801 2811 2837 2839 2852 2856 2886 2906 2931 
 2976 3109 3112 3133 3148 3161 3174 3216 3243 3249 3251 3266 3280 3285 3314 
 3329 3347 3379 3413 3415 3418 3429 3435 3438 3540 3576 3601 3619 3649 3691 
 3692 3710 3723 3759 3794 3806 3837 3838 3849 3876 3887 3893 3894 3918 3972 
 3974 3980 3988 3995 
 194 
 12 44 79 95 98 116 127 138 149 166 198 223 274 305 340 
 351 355 378 401 410 415 424 429 441 484 510 543 551 553 554 
 580 583 585 589 597 611 619 680 684 725 739 775 795 911 913 
 947 1013 1063 1072 1095 1138 1176 1238 1241 1250 1261 1265 1281 1302 1313 
 1322 1374 1380 1395 1405 1431 1442 1449 1527 1536 1554 1567 1575 1622 1631 
 1641 1645 1675 1677 1687 1723 1728 1737 1756 1771 1800 1802 1807 1809 1813 
 1828 1852 1860 1866 1876 1900 1947 1978 2012 2025 2031 2059 2071 2085 2089 
 2098 2186 2221 2223 2227 2245 2246 2251 2270 2293 2300 2302 2333 2353 2392 
 2437 2444 2467 2468 2497 2501 2529 2530 2575 2591 2610 2620 2631 2633 2683 
 2685 2708 2727 2743 2755 2761 2805 2810 2825 2864 2886 2897 2902 2953 2978 
 2987 2994 3069 3089 3110 3113 3122 3162 3179 3182 3183 3185 3227 3232 3279 
 3282 3286 3301 3324 3395 3411 3423 3474 3493 3494 3514 3522 3523 3542 3566 
 3576 3658 3669 3691 3756 3773 3801 3802 3817 3825 3826 3942 3956 3973 
 223 
 26 32 40 45 53 59 84 167 168 174 198 230 265 278 298 
 309 342 348 385 397 438 440 443 513 528 562 623 651 660 671 
 675 680 704 715 719 730 769 784 815 817 827 862 876 896 900 
 906 907 1001 1083 1104 1105 1137 1147 1173 1182 1186 1197 1229 1272 1286 
 1290 1307 1326 1327 1363 1381 1386 1398 1404 1418 1431 1442 1479 1481 1487 
 1490 1492 1522 1538 1543 1569 1575 1588 1606 1610 1622 1641 1653 1658 1690 
 1705 1707 1718 1734 1740 1769 1776 1782 1814 1824 1857 1862 1864 1879 1899 
 1910 1930 1937 1942 1943 1952 2004 2015 2074 2091 2102 2103 2114 2155 2173 
 2184 2189 2195 2226 2238 2239 2250 2279 2295 2350 2366 2447 2458 2467 2481 
 2559 2592 2601 2616 2641 2674 2681 2685 2703 2721 2782 2831 2887 2891 2901 
 2902 2920 2924 2955 2971 2992 2994 3023 3033 3051 3079 3095 3102 3111 3123 
 3142 3155 3159 3191 3271 3282 3287 3288 3295 3296 3309 3330 3346 3360 3379 
 3384 3387 3399 3405 3406 3407 3431 3434 3446 3447 3460 3474 3483 3527 3542 
 3562 3566 3571 3578 3624 3629 3634 3642 3660 3663 3671 3691 3703 3726 3753 
 3758 3764 3778 3790 3795 3797 3852 3891 3907 3930 3964 3986 3987 
 191 
 6 47 60 125 134 140 156 163 171 185 211 244 255 278 281 
 326 355 360 375 422 432 435 469 490 517 522 543 559 583 586 
 634 648 701 724 740 759 764 781 800 810 880 915 947 987 991 
 997 1052 1056 1064 1081 1142 1214 1216 1241 1295 1304 1329 1444 1454 1460 
 1479 1523 1561 1603 1608 1618 1629 1638 1640 1701 1722 1747 1756 1820 1831 
 1835 1840 1843 1845 1895 1897 1921 1923 1939 1944 1949 1966 1980 2018 2021 
 2029 2054 2060 2091 2098 2104 2108 2117 2129 2139 2145 2156 2161 2175 2181 
 2238 2247 2249 2252 2279 2284 2299 2301 2323 2328 2331 2362 2382 2386 2390 
 2399 2402 2409 2416 2424 2448 2453 2460 2497 2508 2537 2547 2549 2564 2588 
 2614 2713 2722 2737 2777 2783 2802 2873 2909 2976 2981 2994 3076 3085 3111 
 3162 3163 3165 3187 3189 3192 3220 3239 3262 3268 3282 3337 3366 3377 3390 
 3450 3474 3517 3563 3604 3605 3634 3643 3647 3681 3694 3720 3725 3726 3731 
 3754 3807 3828 3832 3861 3891 3899 3909 3934 3944 3986 
 224 
 38 61 67 68 83 130 195 203 213 214 259 273 279 345 401 
 418 421 460 508 555 595 603 615 633 640 646 666 684 688 696 
 712 765 766 768 773 793 825 828 848 863 884 903 997 1036 1093 
 1094 1109 1127 1131 1168 1170 1188 1197 1222 1229 1245 1260 1266 1292 1338 
 1345 1361 1380 1389 1402 1408 1449 1478 1498 1515 1525 1589 1601 1606 1620 
 1631 1663 1676 1679 1682 1686 1708 1720 1730 1734 1739 1760 1769 1772 1808 
 1820 1823 1844 1863 1876 1897 1907 1951 1962 1985 2001 2004 2018 2052 2072 
 2082 2095 2115 2131 2170 2225 2242 2262 2263 2286 2304 2313 2338 2340 2379 
 2380 2400 2449 2465 2485 2560 2580 2596 2609 2623 2631 2656 2661 2664 2666 
 2680 2682 2691 2709 2715 2735 2750 2751 2759 2781 2791 2808 2817 2856 2866 
 2886 2888 2891 2893 2916 2967 3014 3035 3038 3059 3072 3076 3091 3104 3113 
 3119 3122 3141 3151 3155 3162 3169 3184 3194 3213 3270 3282 3298 3309 3312 
 3318 3328 3334 3338 3341 3347 3352 3389 3398 3402 3428 3441 3473 3477 3492 
 3519 3529 3557 3558 3565 3584 3660 3662 3669 3670 3691 3698 3707 3709 3725 
 3733 3794 3798 3843 3863 3869 3873 3876 3891 3905 3926 3935 3945 3949 
 196 
 13 17 44 46 49 70 107 148 158 168 232 290 316 323 387 
 390 414 421 425 435 441 461 492 498 501 547 619 627 644 664 
 667 685 699 710 798 824 863 890 903 937 946 955 984 994 1014 
 1060 1082 1104 1125 1146 1176 1195 1223 1233 1246 1264 1265 1271 1282 1284 
 1294 1334 1338 1378 1424 1427 1447 1453 1454 1484 1487 1498 1503 1519 1537 
 1552 1560 1567 1611 1615 1618 1636 1651 1671 1705 1707 1735 1740 1742 1761 
 1772 1841 1874 1892 1898 1928 1964 1967 1993 2013 2014 2046 2078 2135 2139 
 2141 2152 2166 2179 2231 2254 2300 2304 2366 2374 2414 2427 2432 2484 2488 
 2527 2535 2546 2591 2594 2604 2625 2634 2653 2667 2681 2684 2687 2695 2696 
 2722 2735 2755 2795 2806 2809 2843 2846 2880 2906 2917 2925 2940 2947 2966 
 2976 2988 3031 3032 3038 3051 3146 3154 3172 3190 3253 3281 3306 3321 3323 
 3327 3366 3388 3455 3469 3483 3525 3553 3623 3643 3645 3652 3654 3667 3678 
 3704 3705 3739 3760 3796 3811 3815 3821 3848 3852 3872 3881 3900 3929 3935 
 3993 
 201 
 16 22 32 37 51 52 61 72 80 93 103 118 162 248 264 
 337 376 381 412 456 463 502 505 547 574 605 606 616 641 646 
 651 657 691 700 713 724 735 744 763 794 812 820 827 875 898 
 904 908 912 918 954 960 961 965 976 1071 1093 1094 1122 1126 1157 
 1169 1210 1230 1248 1264 1277 1292 1311 1321 1354 1355 1371 1388 1396 1426 
 1427 1440 1460 1474 1478 1480 1489 1500 1540 1550 1565 1580 1628 1694 1704 
 1738 1740 1749 1829 1835 1838 1845 1855 1903 1928 1930 1949 1950 1964 1972 
 1974 2036 2055 2064 2085 2090 2134 2136 2140 2141 2148 2162 2206 2211 2225 
 2242 2298 2309 2355 2407 2408 2415 2428 2464 2490 2493 2519 2525 2545 2554 
 2572 2576 2590 2633 2639 2680 2682 2692 2694 2695 2711 2723 2724 2727 2758 
 2774 2800 2810 2821 2825 2902 2905 2918 2928 2938 2993 3038 3045 3048 3049 
 3094 3097 3109 3121 3202 3209 3218 3239 3273 3293 3301 3333 3343 3370 3384 
 3452 3454 3477 3486 3553 3569 3619 3622 3641 3719 3727 3743 3747 3771 3846 
 3867 3877 3900 3906 3925 3933 
 198 
 14 58 74 92 129 153 198 234 261 279 320 326 335 364 409 
 418 424 453 455 470 481 498 528 557 612 646 661 725 737 776 
 788 792 805 832 861 878 918 922 943 955 963 964 992 1111 1121 
 1142 1143 1154 1175 1177 1192 1213 1247 1258 1281 1287 1294 1310 1312 1328 
 1345 1359 1370 1414 1460 1478 1507 1547 1565 1606 1624 1641 1647 1650 1656 
 1677 1681 1690 1693 1709 1718 1776 1810 1825 1828 1839 1854 1866 1870 1882 
 1890 1899 1900 1923 1945 1946 1965 1998 2013 2022 2043 2072 2079 2137 2138 
 2196 2229 2247 2251 2254 2295 2299 2306 2325 2365 2392 2409 2416 2438 2443 
 2453 2455 2459 2460 2461 2501 2513 2535 2571 2590 2611 2627 2644 2679 2692 
 2693 2755 2794 2808 2813 2845 2868 2882 2890 2891 2904 2907 2924 2964 2983 
 2985 2993 3026 3078 3116 3133 3186 3224 3271 3294 3295 3321 3331 3353 3361 
 3370 3432 3452 3453 3454 3482 3490 3506 3516 3551 3558 3599 3630 3679 3693 
 3733 3753 3761 3770 3805 3806 3819 3828 3835 3847 3849 3864 3869 3872 3898 
 3906 3929 3984 
 196 
 3 11 22 28 37 80 130 135 204 249 251 304 315 377 381 
 396 417 479 485 506 517 554 582 591 625 633 664 682 690 712 
 741 748 792 802 818 823 834 835 836 850 899 902 904 909 914 
 925 941 948 952 967 972 973 974 992 996 1000 1007 1037 1081 1105 
 1119 1153 1170 1178 1183 1227 1279 1305 1324 1367 1414 1432 1443 1455 1458 
 1492 1505 1558 1561 1565 1568 1599 1652 1686 1687 1693 1702 1740 1789 1824 
 1848 1877 1889 1898 1907 2007 2017 2090 2125 2143 2179 2187 2198 2213 2235 
 2245 2296 2381 2404 2427 2439 2443 2450 2458 2467 2500 2520 2526 2550 2560 
 2582 2591 2694 2698 2707 2731 2738 2766 2785 2792 2794 2801 2819 2820 2822 
 2826 2829 2845 2885 2910 2915 2949 2979 3010 3080 3119 3128 3134 3138 3150 
 3164 3165 3184 3197 3204 3223 3235 3258 3272 3275 3294 3302 3303 3307 3363 
 3389 3391 3415 3440 3453 3472 3490 3502 3533 3534 3550 3612 3620 3660 3681 
 3685 3708 3715 3725 3727 3733 3746 3796 3838 3864 3867 3890 3900 3930 3970 
 3984 
 214 
 1 41 47 55 86 90 96 101 134 138 168 192 229 236 246 
 277 294 394 416 420 423 430 436 437 529 545 558 563 574 578 
 607 624 633 654 671 687 690 696 703 705 721 732 788 823 869 
 946 951 1029 1036 1048 1062 1081 1121 1135 1153 1165 1191 1389 1391 1405 
 1502 1579 1587 1595 1599 1651 1661 1662 1760 1767 1775 1777 1800 1813 1814 
 1821 1851 1875 1876 1877 1886 1908 1930 1934 1941 1958 1972 1974 1982 1991 
 2052 2056 2059 2074 2089 2100 2137 2156 2183 2194 2225 2236 2266 2299 2322 
 2337 2369 2400 2416 2425 2433 2435 2449 2452 2453 2458 2469 2472 2489 2494 
 2506 2532 2549 2557 2560 2601 2612 2621 2631 2632 2657 2658 2668 2673 2683 
 2707 2710 2718 2729 2736 2741 2746 2765 2795 2796 2797 2799 2801 2807 2870 
 2876 2880 2883 2906 2921 2942 2967 2990 3002 3024 3036 3040 3054 3055 3066 
 3072 3077 3094 3097 3130 3148 3151 3161 3163 3185 3186 3226 3244 3254 3284 
 3317 3358 3378 3387 3408 3418 3424 3433 3463 3472 3490 3591 3599 3620 3621 
 3639 3652 3660 3676 3685 3707 3713 3725 3726 3753 3768 3793 3806 3855 3882 
 3920 3929 3961 3974 
 167 
 49 67 135 140 169 180 208 213 230 232 266 313 328 348 363 
 518 561 574 649 670 684 700 744 757 761 776 900 903 909 956 
 967 970 1019 1067 1140 1181 1220 1248 1287 1288 1290 1292 1295 1322 1384 
 1416 1417 1429 1435 1448 1510 1536 1568 1571 1577 1601 1603 1605 1646 1680 
 1750 1752 1772 1775 1789 1790 1813 1814 1824 1839 1847 1854 1858 1864 1869 
 1870 1892 1898 1948 1978 2039 2072 2113 2123 2166 2178 2223 2276 2298 2302 
 2317 2323 2369 2380 2413 2470 2489 2492 2519 2531 2535 2542 2597 2623 2638 
 2670 2722 2757 2762 2779 2785 2889 2897 2938 2945 3005 3020 3023 3024 3050 
 3064 3065 3077 3082 3086 3101 3114 3122 3130 3135 3148 3170 3220 3229 3320 
 3366 3367 3403 3412 3431 3463 3476 3478 3484 3503 3537 3540 3554 3557 3604 
 3617 3642 3649 3654 3694 3725 3732 3758 3793 3816 3828 3845 3851 3880 3921 
 3954 3968 
 211 
 4 5 13 28 44 53 54 84 95 100 131 162 183 189 206 
 213 247 291 293 316 332 386 396 410 412 446 447 448 508 509 
 524 530 579 587 592 600 615 630 660 690 713 739 752 780 784 
 815 825 837 841 867 885 916 942 981 984 986 992 1064 1073 1128 
 1134 1163 1219 1233 1265 1366 1374 1421 1425 1433 1444 1448 1481 1496 1511 
 1550 1560 1566 1572 1606 1623 1640 1648 1650 1651 1659 1678 1726 1741 1809 
 1822 1841 1866 1872 1877 1916 1919 1942 1957 1988 1991 2006 2007 2050 2133 
 2138 2143 2165 2179 2185 2220 2241 2249 2258 2260 2280 2282 2304 2323 2346 
 2348 2351 2368 2388 2410 2423 2427 2445 2515 2537 2592 2602 2642 2672 2688 
 2705 2717 2728 2736 2762 2766 2776 2801 2845 2870 2872 2953 2954 2977 2986 
 3013 3039 3041 3065 3067 3081 3095 3109 3110 3135 3146 3213 3216 3223 3232 
 3237 3279 3283 3287 3305 3325 3327 3331 3345 3436 3442 3451 3474 3493 3494 
 3509 3528 3531 3538 3577 3582 3594 3601 3603 3665 3678 3687 3705 3710 3721 
 3729 3740 3743 3767 3776 3827 3831 3840 3849 3889 3922 3924 3944 3954 3984 
 3995 
 203 
 1 2 4 21 32 43 80 124 130 170 171 198 206 221 230 
 368 382 411 443 457 470 517 573 591 620 652 654 697 742 745 
 808 817 822 831 861 872 890 899 925 946 949 958 985 1011 1016 
 1046 1058 1064 1078 1083 1120 1149 1161 1166 1203 1237 1242 1244 1266 1325 
 1361 1379 1393 1420 1430 1433 1453 1477 1491 1521 1532 1557 1569 1573 1584 
 1620 1634 1672 1749 1756 1775 1804 1807 1821 1852 1859 1919 1943 1947 1972 
 1973 1992 2001 2030 2031 2047 2103 2113 2130 2132 2138 2142 2149 2152 2181 
 2211 2275 2279 2283 2291 2302 2305 2327 2329 2352 2368 2375 2394 2409 2422 
 2428 2450 2493 2495 2557 2562 2566 2574 2579 2599 2621 2627 2647 2666 2678 
 2680 2697 2711 2750 2760 2761 2783 2784 2787 2824 2828 2851 2855 2868 2872 
 2900 2908 2922 2923 2948 2950 2985 3029 3033 3111 3119 3121 3124 3191 3219 
 3250 3284 3341 3346 3389 3397 3416 3427 3500 3508 3520 3534 3547 3562 3568 
 3574 3586 3594 3628 3648 3660 3662 3663 3684 3714 3762 3786 3822 3831 3858 
 3881 3910 3927 3929 3944 3952 3963 3988 
 173 
 14 66 73 88 96 98 100 127 130 154 171 180 203 208 245 
 259 335 345 350 387 390 413 448 475 505 547 598 644 653 680 
 689 720 725 730 744 762 769 826 846 859 868 888 930 950 976 
 1008 1048 1051 1064 1109 1130 1148 1161 1174 1213 1235 1261 1289 1291 1303 
 1341 1395 1433 1446 1463 1486 1541 1554 1555 1586 1591 1602 1635 1646 1660 
 1664 1770 1829 1853 1892 1964 1981 2020 2021 2038 2045 2060 2100 2136 2169 
 2226 2235 2277 2284 2307 2344 2371 2424 2441 2462 2470 2473 2495 2509 2524 
 2644 2723 2732 2767 2792 2796 2832 2846 2863 2865 2874 2885 2928 2935 2949 
 2956 2984 2985 2988 2996 3029 3064 3065 3067 3072 3100 3130 3162 3182 3201 
 3227 3232 3309 3321 3374 3388 3447 3504 3510 3514 3551 3581 3619 3648 3653 
 3654 3680 3701 3710 3711 3719 3732 3740 3762 3773 3785 3800 3835 3838 3876 
 3886 3903 3912 3932 3944 3948 3970 3978 
 183 
 28 45 47 106 118 125 137 165 167 171 174 176 232 269 295 
 299 301 332 333 357 386 389 419 428 450 462 480 499 516 543 
 657 691 708 735 742 743 781 822 830 857 879 885 886 902 904 
 909 926 955 966 981 983 997 1019 1022 1049 1053 1082 1085 1103 1130 
 1172 1180 1185 1202 1228 1233 1275 1285 1418 1419 1454 1464 1468 1481 1504 
 1529 1575 1582 1600 1601 1617 1632 1639 1652 1656 1673 1684 1691 1695 1720 
 1721 1723 1733 1743 1774 1828 1859 1876 1892 1912 1938 2049 2074 2083 2096 
 2103 2138 2152 2175 2181 2207 2267 2282 2299 2356 2361 2365 2366 2367 2440 
 2442 2455 2463 2467 2500 2536 2586 2621 2622 2687 2716 2721 2725 2748 2777 
 2813 2874 2913 2940 3019 3042 3081 3096 3136 3151 3166 3180 3212 3236 3245 
 3248 3267 3317 3354 3376 3394 3421 3424 3428 3478 3491 3520 3522 3544 3545 
 3550 3589 3605 3606 3614 3655 3657 3738 3743 3791 3865 3878 3884 3928 3934 
 3937 3945 3984 
 186 
 9 40 84 91 119 139 160 245 273 298 337 398 412 415 454 
 477 490 491 496 518 530 541 544 578 653 679 683 689 702 718 
 723 727 729 759 783 813 840 917 961 963 968 982 1001 1008 1054 
 1073 1092 1101 1148 1177 1194 1233 1257 1272 1307 1311 1372 1398 1424 1436 
 1452 1465 1474 1477 1491 1494 1530 1559 1577 1591 1598 1632 1634 1655 1665 
 1668 1675 1706 1733 1745 1760 1772 1792 1854 1869 1889 1891 1907 1910 1920 
 1985 1997 2021 2080 2097 2109 2115 2123 2131 2149 2173 2175 2204 2208 2222 
 2254 2259 2266 2283 2312 2365 2404 2405 2406 2459 2485 2492 2499 2500 2514 
 2516 2524 2539 2593 2620 2648 2671 2689 2701 2719 2746 2775 2852 2861 2875 
 2881 2888 2916 2943 2948 2963 2972 2994 3024 3030 3068 3079 3082 3084 3170 
 3184 3202 3250 3276 3285 3321 3375 3379 3392 3403 3442 3464 3469 3521 3536 
 3543 3550 3563 3594 3643 3657 3690 3703 3720 3728 3765 3818 3820 3831 3864 
 3898 3913 3930 3933 3969 3978 
 204 
 7 23 60 66 82 103 136 143 145 156 164 195 210 229 230 
 245 305 306 314 352 377 379 392 410 425 452 459 468 491 492 
 502 514 537 540 542 585 662 689 722 726 749 759 760 782 785 
 820 828 855 857 888 890 941 951 952 993 1000 1003 1057 1090 1095 
 1113 1150 1168 1170 1253 1300 1384 1434 1442 1464 1527 1539 1558 1571 1600 
 1626 1638 1646 1692 1720 1722 1767 1770 1782 1823 1859 1863 1907 1954 2036 
 2039 2060 2061 2082 2101 2103 2124 2149 2158 2192 2209 2230 2244 2251 2296 
 2320 2335 2338 2360 2372 2380 2408 2438 2442 2471 2512 2522 2533 2546 2552 
 2568 2584 2585 2611 2638 2651 2704 2742 2767 2770 2772 2773 2787 2797 2804 
 2841 2844 2846 2913 2927 2964 2967 2975 2983 2993 3006 3036 3056 3062 3067 
 3068 3092 3107 3113 3123 3130 3140 3153 3158 3168 3173 3180 3190 3196 3236 
 3240 3252 3283 3294 3313 3319 3377 3436 3479 3484 3517 3520 3557 3558 3582 
 3585 3587 3595 3598 3639 3649 3675 3701 3703 3720 3732 3737 3762 3767 3768 
 3777 3796 3801 3833 3861 3889 3899 3903 3978 
 182 
 15 42 52 70 88 107 150 157 215 284 297 307 317 327 344 
 370 391 393 397 408 437 441 448 452 461 476 477 486 518 575 
 591 606 675 703 715 737 746 754 839 860 900 989 996 1003 1053 
 1134 1171 1200 1205 1289 1319 1344 1384 1393 1394 1417 1428 1432 1551 1570 
 1575 1624 1647 1648 1652 1654 1656 1678 1684 1710 1730 1758 1817 1826 1923 
 1926 1930 1996 2001 2011 2016 2040 2096 2106 2118 2141 2146 2152 2173 2175 
 2193 2201 2202 2211 2234 2246 2249 2265 2272 2284 2285 2293 2295 2329 2363 
 2364 2374 2385 2395 2396 2502 2550 2572 2578 2592 2596 2637 2645 2708 2718 
 2740 2758 2773 2816 2833 2850 2862 2869 2876 2901 2911 2940 3027 3047 3077 
 3092 3106 3108 3109 3124 3156 3162 3179 3184 3185 3188 3204 3211 3228 3243 
 3268 3313 3364 3385 3412 3428 3549 3590 3646 3663 3678 3691 3700 3716 3721 
 3766 3783 3792 3804 3824 3834 3840 3854 3871 3890 3891 3914 3916 3917 3931 
 3962 3978 
 206 
 7 28 59 64 68 84 106 124 143 151 163 173 175 257 270 
 351 425 450 465 482 500 533 545 548 556 566 606 618 666 691 
 705 706 717 725 728 742 805 837 872 900 903 923 950 1005 1050 
 1083 1087 1101 1126 1145 1148 1156 1179 1191 1204 1210 1228 1234 1242 1254 
 1263 1267 1276 1297 1309 1315 1320 1369 1393 1398 1407 1457 1460 1468 1486 
 1489 1504 1509 1539 1541 1563 1565 1590 1591 1595 1647 1677 1697 1704 1723 
 1725 1748 1755 1767 1771 1816 1823 1856 1857 1858 1871 1881 1884 1946 1955 
 1994 2016 2037 2054 2173 2176 2179 2188 2212 2214 2262 2267 2293 2398 2435 
 2448 2478 2500 2541 2550 2555 2560 2568 2569 2574 2586 2587 2660 2680 2780 
 2787 2813 2842 2867 2870 2874 2880 2891 2904 2919 2924 2927 2936 2942 2944 
 2967 2969 2973 2982 2986 2989 3034 3043 3071 3087 3092 3096 3137 3150 3157 
 3188 3199 3209 3221 3224 3247 3301 3308 3327 3359 3387 3394 3438 3453 3481 
 3499 3517 3529 3533 3569 3579 3590 3594 3602 3628 3639 3762 3784 3808 3810 
 3812 3870 3871 3889 3908 3928 3935 3941 3946 3972 3989 
 178 
 5 17 80 86 106 117 226 238 290 321 348 351 358 361 385 
 388 399 432 435 436 439 442 453 454 457 492 497 523 534 558 
 566 620 657 690 730 749 763 773 780 795 862 877 888 915 918 
 947 966 974 1000 1006 1031 1032 1047 1050 1134 1170 1172 1175 1177 1182 
 1222 1248 1263 1282 1287 1309 1314 1328 1348 1374 1377 1385 1424 1464 1469 
 1494 1556 1564 1575 1595 1599 1601 1605 1610 1611 1619 1650 1678 1710 1721 
 1732 1738 1765 1795 1804 1870 1906 1970 1973 1975 2152 2153 2156 2157 2185 
 2198 2251 2252 2311 2334 2335 2360 2366 2375 2393 2446 2469 2512 2523 2527 
 2531 2534 2553 2575 2605 2636 2650 2655 2662 2724 2730 2766 2772 2782 2890 
 2911 2948 2950 3112 3114 3147 3161 3234 3261 3293 3308 3319 3380 3402 3458 
 3461 3467 3468 3470 3523 3533 3552 3553 3573 3577 3586 3602 3644 3657 3670 
 3690 3699 3722 3768 3868 3913 3915 3926 3946 3960 3976 3977 3978 
 182 
 28 42 61 80 84 105 121 125 139 169 197 249 257 258 295 
 301 304 307 351 359 363 376 378 384 413 423 454 457 476 511 
 567 578 584 642 758 774 778 787 790 835 854 880 882 886 901 
 910 916 966 1048 1061 1062 1063 1069 1121 1162 1192 1199 1212 1233 1259 
 1374 1376 1383 1416 1467 1483 1484 1492 1506 1520 1537 1541 1543 1586 1593 
 1595 1643 1699 1702 1703 1706 1748 1774 1790 1792 1803 1814 1852 1861 1867 
 1873 1920 1964 1972 1987 2001 2010 2042 2044 2050 2051 2055 2061 2081 2092 
 2093 2114 2135 2212 2263 2282 2292 2322 2374 2382 2400 2404 2415 2418 2444 
 2446 2493 2499 2582 2630 2641 2644 2659 2686 2690 2695 2741 2742 2752 2793 
 2829 2858 2862 2874 2876 2925 2932 2953 2969 2995 3030 3085 3109 3152 3159 
 3200 3210 3256 3271 3348 3376 3384 3400 3403 3416 3417 3444 3500 3555 3556 
 3561 3605 3678 3690 3700 3715 3718 3719 3724 3735 3742 3753 3793 3830 3882 
 3947 3970 
 207 
 4 17 43 46 72 87 92 101 139 146 152 226 231 236 259 
 260 270 274 281 319 327 340 347 348 363 383 385 388 408 430 
 455 468 471 476 488 504 509 518 572 577 585 589 620 649 653 
 692 708 738 740 741 744 748 749 755 763 779 865 874 909 922 
 950 962 1039 1043 1046 1069 1108 1113 1138 1164 1166 1184 1210 1211 1220 
 1262 1285 1296 1306 1377 1383 1396 1432 1443 1453 1490 1503 1560 1568 1569 
 1586 1592 1607 1608 1609 1614 1621 1622 1633 1634 1677 1694 1718 1721 1745 
 1752 1790 1798 1886 1893 1938 1988 2034 2044 2052 2061 2064 2069 2096 2098 
 2103 2110 2112 2120 2141 2208 2215 2256 2270 2355 2360 2411 2448 2483 2488 
 2506 2523 2540 2548 2566 2600 2660 2731 2783 2790 2812 2822 2833 2863 2879 
 2897 2902 2913 2944 2970 2982 3023 3026 3031 3034 3064 3076 3091 3128 3138 
 3140 3180 3224 3238 3243 3244 3266 3281 3291 3315 3325 3349 3399 3403 3436 
 3437 3442 3446 3481 3497 3510 3610 3635 3646 3657 3664 3686 3713 3720 3736 
 3773 3799 3836 3840 3879 3886 3894 3904 3909 3930 3945 3985 
 221 
 3 33 39 57 88 90 108 133 146 149 161 170 174 207 217 
 228 246 267 303 304 306 320 333 355 387 398 429 448 466 504 
 534 556 581 604 616 620 621 624 627 629 732 738 740 752 766 
 781 809 813 816 821 824 858 868 871 877 971 998 1002 1008 1047 
 1061 1089 1144 1164 1228 1239 1248 1255 1288 1340 1419 1429 1466 1467 1473 
 1493 1494 1524 1554 1555 1586 1587 1601 1616 1644 1654 1716 1722 1729 1776 
 1796 1822 1838 1844 1861 1886 1888 1967 1978 1990 2028 2044 2053 2056 2064 
 2066 2087 2088 2143 2166 2195 2209 2212 2217 2223 2239 2241 2277 2294 2303 
 2339 2350 2393 2402 2414 2431 2456 2458 2474 2504 2518 2530 2533 2541 2549 
 2556 2570 2575 2610 2654 2655 2669 2694 2709 2718 2737 2747 2754 2769 2804 
 2824 2854 2915 2928 2939 2971 2975 3003 3027 3039 3050 3070 3116 3155 3168 
 3193 3199 3211 3217 3230 3231 3243 3246 3253 3291 3292 3320 3335 3339 3353 
 3400 3408 3419 3433 3488 3493 3497 3514 3521 3527 3553 3554 3563 3564 3567 
 3569 3574 3578 3643 3656 3658 3662 3683 3711 3716 3722 3737 3754 3755 3761 
 3765 3793 3842 3897 3914 3924 3931 3934 3955 3956 3974 
 193 
 8 22 51 77 83 105 132 171 183 197 206 242 245 250 251 
 263 378 391 408 413 416 447 449 451 455 461 471 509 513 527 
 532 550 597 625 635 679 682 737 786 789 808 812 821 835 887 
 902 903 911 930 962 984 1003 1004 1022 1060 1078 1083 1107 1110 1122 
 1181 1191 1270 1296 1302 1335 1356 1357 1406 1448 1462 1464 1474 1522 1535 
 1540 1557 1563 1568 1569 1603 1628 1635 1683 1685 1703 1748 1771 1791 1810 
 1818 1834 1862 1873 1889 1915 1963 1991 2008 2027 2067 2095 2099 2173 2204 
 2207 2229 2253 2303 2333 2346 2347 2361 2373 2374 2379 2419 2457 2476 2508 
 2517 2669 2677 2733 2742 2775 2777 2785 2809 2810 2830 2840 2854 2921 2941 
 2949 2976 2978 2984 2998 2999 3004 3024 3026 3057 3060 3074 3118 3125 3145 
 3199 3242 3256 3284 3301 3303 3310 3331 3367 3381 3409 3435 3455 3458 3463 
 3479 3494 3554 3559 3594 3609 3626 3632 3645 3649 3661 3670 3684 3701 3709 
 3719 3724 3789 3808 3841 3886 3898 3906 3914 3930 3956 3963 3996 
 206 
 33 61 66 81 85 88 162 181 185 187 192 215 220 253 264 
 265 266 268 286 296 297 303 304 330 349 391 394 419 508 526 
 535 571 581 631 633 676 698 707 749 753 781 800 844 932 933 
 942 979 980 1004 1050 1104 1111 1122 1136 1141 1175 1179 1215 1235 1256 
 1261 1286 1328 1330 1379 1380 1384 1386 1503 1526 1538 1554 1570 1593 1615 
 1619 1626 1641 1652 1681 1707 1715 1724 1729 1734 1763 1778 1780 1781 1789 
 1795 1805 1818 1822 1837 1860 1869 1937 1941 1955 1960 1968 1974 1976 2032 
 2035 2036 2053 2074 2106 2115 2127 2143 2144 2162 2163 2176 2204 2205 2207 
 2220 2226 2239 2240 2248 2273 2278 2279 2281 2284 2289 2297 2348 2364 2389 
 2399 2406 2407 2417 2438 2451 2479 2486 2488 2497 2536 2572 2575 2578 2582 
 2599 2625 2641 2645 2665 2700 2704 2784 2825 2827 2834 2901 2965 2981 3036 
 3044 3064 3105 3113 3124 3157 3189 3208 3231 3268 3306 3364 3397 3432 3437 
 3439 3458 3467 3475 3505 3532 3550 3554 3556 3581 3582 3603 3605 3626 3644 
 3651 3723 3731 3746 3755 3767 3796 3817 3898 3901 3906 
 216 
 20 24 26 55 60 66 154 158 169 208 212 234 251 264 273 
 291 298 318 321 364 376 412 450 454 575 584 599 605 612 626 
 634 644 647 692 700 704 760 775 812 815 832 846 861 895 927 
 934 939 961 963 979 1042 1071 1081 1087 1094 1102 1104 1124 1153 1164 
 1170 1196 1240 1254 1264 1290 1291 1300 1305 1308 1310 1334 1343 1363 1374 
 1388 1394 1409 1424 1425 1462 1475 1477 1517 1531 1545 1555 1560 1569 1579 
 1586 1598 1632 1634 1661 1662 1664 1675 1677 1768 1778 1787 1798 1801 1818 
 1859 1864 1875 1880 1882 1899 2046 2066 2091 2093 2097 2113 2118 2126 2149 
 2153 2157 2158 2165 2178 2185 2205 2210 2219 2224 2255 2275 2276 2283 2286 
 2295 2307 2311 2330 2376 2414 2442 2460 2471 2542 2545 2587 2588 2589 2597 
 2609 2629 2688 2710 2733 2773 2788 2799 2809 2813 2823 2826 2833 2839 2871 
 2886 2924 2950 2962 3023 3040 3074 3078 3086 3104 3145 3160 3181 3182 3214 
 3217 3222 3231 3248 3249 3251 3294 3318 3323 3353 3369 3399 3451 3469 3496 
 3508 3524 3545 3607 3642 3645 3678 3700 3746 3777 3874 3883 3900 3902 3916 
 3961 3971 3976 3981 3983 4000 
 238 
 7 18 25 30 37 38 48 50 52 73 81 93 117 125 126 
 137 160 209 211 244 251 294 297 322 332 334 349 358 372 390 
 419 460 463 472 501 546 556 565 575 581 596 619 624 626 635 
 641 649 664 729 737 738 744 762 773 782 807 810 811 818 834 
 836 842 845 851 859 891 931 934 954 972 1008 1044 1052 1069 1095 
 1102 1114 1141 1195 1222 1244 1248 1254 1268 1328 1361 1399 1401 1467 1481 
 1516 15